data/10/hst_16231_10_acs_sbc_f150lp_jec410_segment-cat.ecsv
# %ECSV 1.0
# ---
# datatype:
# - {name: X-Centroid, unit: pix, datatype: float64, format: 10.3f, description: Pixel Coordinate}
# - {name: Y-Centroid, unit: pix, datatype: float64, format: 10.3f, description: Pixel Coordinate}
# - {name: RA, unit: deg, datatype: float64, format: 13.7f, description: Sky coordinate at epoch of observation}
# - {name: DEC, unit: deg, datatype: float64, format: 13.7f, description: Sky coordinate at epoch of observation}
# - {name: ID, unit: '', datatype: int64, format: 7d, description: Catalog Object Identification Number}
# - {name: CI, unit: mag(AB), datatype: float64, format: 7.3f, description: Concentration Index}
# - {name: Flags, unit: '', datatype: int64, format: 5d, description: Numeric encoding for conditions on detected sources}
# - {name: MagAp1, unit: mag(AB), datatype: float64, format: 7.3f, description: ABMAG of source based on the inner (smaller) aperture}
# - {name: MagErrAp1, unit: mag(AB), datatype: float64, format: 7.3f, description: Error of MagAp1}
# - {name: FluxAp1, unit: electron / s, datatype: float64, format: 10.4f, description: Flux of source based on the inner (smaller) aperture}
# - {name: FluxErrAp1, unit: electron / s, datatype: float64, format: 10.4f, description: Error of FluxAp1}
# - {name: MagAp2, unit: mag(AB), datatype: float64, format: 7.3f, description: ABMAG of source based on the outer (larger) aperture}
# - {name: MagErrAp2, unit: mag(AB), datatype: float64, format: 7.3f, description: Error of MagAp2}
# - {name: FluxAp2, unit: electron / s, datatype: float64, format: 10.4f, description: Flux of source based on the outer (larger) aperture}
# - {name: FluxErrAp2, unit: electron / s, datatype: float64, format: 10.4f, description: Error of FluxAp2}
# - {name: MSkyAp2, unit: electron / (pix s), datatype: float64, format: 7.3f, description: Sky estimate from an annulus outside Aperture
#     2}
# - {name: Bck, unit: electron / s, datatype: float32, format: 10.4f, description: Background at the position of the source centroid}
# - {name: Area, unit: pix2, datatype: float64, format: 8.3f, description: Total unmasked area of the source segment}
# - {name: FWHM, unit: pix, datatype: float64, format: 8.3f, description: Circularized FWHM of 2D Gaussian function having the same second-order
#     central moments as the source}
# - {name: MagSegment, unit: mag(AB), datatype: float32, format: 7.3f, description: Magnitude corresponding to FluxSegment}
# - {name: FluxSegment, unit: electron / s, datatype: float32, format: 10.4f, description: Sum of unmasked data values in the source segment}
# - {name: FluxSegmentErr, unit: electron / s, datatype: float64, format: 10.4f, description: 'Uncertainty of FluxSegment, propagated
#     from the input error array'}
# - {name: KronRadius, unit: pix, datatype: float64, format: 8.4f, description: The unscaled first-moment Kron radius}
# - {name: Xmin, unit: pix, datatype: int64, format: 8.0f, description: Minimum X pixel within the minimal bounding box containing the
#     source segment}
# - {name: Ymin, unit: pix, datatype: int64, format: 8.0f, description: Minimum Y pixel within the minimal bounding box containing the
#     source segment}
# - {name: Xmax, unit: pix, datatype: int64, format: 8.0f, description: Maximum X pixel within the minimal bounding box containing the
[...]
#   h12.1: [and an undistorted a priori solution based on GSC240).]
#   h13: [Magnitude values in this table are in the ABMAG system.]
#   h14: ['Column titles in this table ending with Ap1 refer to the inner photometric aperture ']
#   h14.1: ['(radius = 2.8000000000000185 pixels, 0.07 arcsec.']
#   h15: ['Column titles in this table ending with Ap2 refer to the outer photometric aperture ']
#   h15.1: ['(radius = 5.000000000000032 pixels, 0.125 arcsec.']
#   h16: [CI = Concentration Index (CI) = MagAp1 - MagAp2.]
#   h17: ['Flag Value Identification:']
#   h17.1: ['    0 - Stellar Source (0.15 < CI < 0.45)']
#   h17.2: ['    1 - Extended Source (CI > 0.45)']
#   h17.3: ['    2 - Questionable Photometry (Single-Pixel Saturation)']
#   h17.4: ['    4 - Questionable Photometry (Multi-Pixel Saturation)']
#   h17.5: ['    8 - Faint Detection Limit']
#   h17.6: ['   16 - Hot pixels (CI < 0.15)']
#   h17.7: ['   32 - False Detection Swarm Around Saturated Source']
#   h17.8: ['   64 - False Detections Near Image Edge']
#   h17.9: ['  128 - Bleeding and Cosmic Rays']
#   h18: ['#=================================================================================================']
#   version: {Python: 3.8.12, astropy: 5.0.2, bottleneck: null, gwcs: null, matplotlib: 3.5.1, numpy: 1.22.3, photutils: 1.3.0, scipy: 1.8.0,
#     skimage: 0.19.2, sklearn: 1.0.2}
# schema: astropy-2.0
X-Centroid Y-Centroid RA DEC ID CI Flags MagAp1 MagErrAp1 FluxAp1 FluxErrAp1 MagAp2 MagErrAp2 FluxAp2 FluxErrAp2 MSkyAp2 Bck Area FWHM MagSegment FluxSegment FluxSegmentErr KronRadius Xmin Ymin Xmax Ymax X2 Y2 XY CXX CYY CXY Elongation Ellipticity Theta
[from data line 1021]
940.6717728464594 791.8037261786596 319.60032394040854 0.2913794622800499 1022 0.9351447591377351 65 28.08071522658246 0.20440496860643986 0.007005013626069745 0.0013188353968172327 27.145570467444724 0.15607152660374932 0.016575509552834888 0.0023827623470074337 -1.6928499923110326e-05 0.0 40.0 4.896829896381752 27.64527 0.010461346 0.10228865955784408 3.6129345280735694 937 789 946 796 5.087341444533011 3.5612341057300685 -2.648013428806043 0.32068055346721125 0.45810284347343716 0.4768944622718346 2.124576539378574 0.5293179692681281 -36.962546143836946
865.3707218378827 794.4128212276032 319.6008468711354 0.2913975810243393 1023 1.1556002427593413 65 28.15416391784363 0.2020034711086862 0.006546806544775728 0.0012180875441850983 26.998563675084288 0.1254833260909499 0.018978837399258326 0.002193541164408444 -9.727815598028729e-05 0.0 11.0 2.426875946148568 28.797712 0.0036191687 0.060163237666542455 3.4154082790616593 864 793 867 796 1.0359504977295677 1.088319434825234 -0.6896861756461984 1.6697700277892285 1.5894222192769552 2.116322226405026 2.1705163681235815 0.5392801387328383 -46.08711714664312
894.9752716260598 797.2632651554835 319.6006412813242 0.2914173757654553 1024 1.489264110357233 1 26.85709109758633 0.08261790695191018 0.021620146677273442 0.0016452162351198556 25.367826987229098 0.03809063178599535 0.08522446432102354 0.0029900098458237137 0.00011272787894764879 0.0 319.0 11.90538317655548 24.319925 0.22372995 0.4730146966069919 2.5354355541561007 882 783 903 815 16.078934226442833 35.042296789064544 -4.989924921550375 0.06506865471697705 0.02985633692035523 0.01853118839432485 1.56314426693749 0.36026378297174155 -76.12175572615094
937.8774997754097 799.1735873711043 319.60034334532963 0.2914306418731546 1025 1.091141590025046 65 28.085128081715833 0.22334984278644857 0.006976600300814102 0.0014352238927610936 26.993986491690787 0.1480999602554495 0.019059016163229588 0.0025998337812307925 -1.0358581029612144e-05 0.0 47.0 4.693751508833498 27.44966 0.01252653 0.11193050676416211 3.4357536112213203 935 796 942 803 4.165484032379118 3.7806289449827686 0.33496312024220976 0.2417908176871435 0.2664042953986 -0.04284525560006792 1.1024537614753112 0.0929324793977816 30.061880098289183
859.4337637739808 800.3663127027824 319.6008881005429 0.2914389247163722 1026 1.2410229101236325 65 28.154732979121636 0.19729923018155485 0.006543376100132663 0.0011890974185728644 26.913710068998004 0.11318008893232133 0.020521591929412296 0.0021392977798689243 -8.903305072626517e-05 0.0 27.0 4.947250417558855 27.929495 0.0080518965 0.089738464734093 3.4783388038948058 856 796 863 804 3.8122762911324037 5.015317393323034 -3.8499288360071606 1.166943532333198 0.8870248505761145 1.791571381345781 4.008661637574322 0.7505401826318499 -49.44010563516982
944.1014268571137 798.9447776902443 319.6003001230548 0.2914290529136531 1027 1.000081218556069 65 28.146267580294616 0.2172395045007689 0.0065945936933955 0.0013195231337728044 27.146186361738547 0.15616547279219228 0.016566109602142956 0.0023828445595891414 -4.5478306142307035e-05 0.0 13.0 3.935035174070027 29.113756 0.0027051517 0.0520161448934153 3.562149705840507 942 796 947 803 1.757012545954903 3.8278409510540143 -2.0425668971486552 1.4990653490054116 0.688084133872783 1.5998267941085316 3.1805748993233016 0.6855914318468779 -58.44063842016757
885.0779556733056 800.2094427745001 319.6007100135731 0.291437835335476 1028 1.1454329188386012 65 27.543426949765912 0.14010271167535676 0.011490112876633186 0.0014827263253866106 26.39799403092731 0.08840150038871505 0.03299874799797017 0.0026868737533109234 7.565556974322151e-05 0.0 187.0 8.562837338605457 25.562704 0.07122202 0.26688877197433525 3.1534241682397877 873 790 892 808 14.233579354420826 12.211808199555762 -2.3275992468100637 0.07251666594444786 0.08452243127073295 0.027643692772641823 1.2144909690243875 0.17660976861498623 -33.26225136822028
873.5672970960376 800.1240770720027 319.6007899497363 0.29143724252131686 1029 1.334476222196372 65 28.401187055466995 0.2797027232340824 0.005214591025285265 0.0013434054622126687 27.066710833270623 0.14783892588128858 0.017824228529070105 0.002427111357097121 -3.229667441511015e-05 0.0 33.0 5.045522357492591 27.89041 0.008347 0.09136924548925011 3.3572856833779214 869 796 877 803 5.532461367031251 3.6493172558697413 -3.523613025692026 0.4694345157296132 0.711675127298883 0.9065287879116283 2.954681301300487 0.6615540229127739 -37.519553341843505
861.0656402117744 806.0358768067549 319.6008767679199 0.29147829668899083 1030 0.958253662534915 65 27.99062710398292 0.17013766386903012 0.00761104401419929 0.0011927100010870706 27.032373441448005 0.12664481207152153 0.01839694451216982 0.002145968113138027 -0.00010864219093406518 0.0 32.0 5.208623475098833 28.0631 0.0071195643 0.08438520663922258 3.7798226789829044 858 801 865 811 3.6624535559947287 6.12253845805141 -3.5210557972321754 0.6106856770362732 0.36530728957942404 0.7024074599605137 2.7230912071873106 0.6327702879137482 -54.62815238344652
925.2617378100699 809.3479982457083 319.60043095591624 0.2915012975105713 1031 0.99791810123115 65 27.500234162574063 0.15600790173664178 0.011956426818379513 0.0017180593720209074 26.502316061342913 0.11327388363355312 0.02997565284868281 0.003127437241062431 -2.6235822870028513e-05 0.0 101.0 7.375836649696699 26.355844 0.034304973 0.18522707554216408 2.9409520377142067 919 803 932 815 9.459786038515645 10.161936378021004 -6.675006712514973 0.19703592144412552 0.18342150446785174 0.25885147265648284 2.296885067657477 0.5646277586627921 -46.505362395642024
935.2943247000452 804.9404542317023 319.6003612842745 0.2914706895610364 1032 1.2543647092455714 65 28.34886200561454 0.28805141595891787 0.005472052718625619 0.0014518122260310908 27.094497296368967 0.16444800752774663 0.017373853554520244 0.002631570047084565 -2.2943076542288445e-05 0.0 24.0 3.3735769239295204 28.473345 0.004879304 0.06985899058629323 3.5548618159492418 933 803 938 808 2.3936698460739594 1.7111658875417468 -0.2046015244296574 0.42208234359800434 0.5904312292493163 0.10093549849694186 1.2169501797020428 0.17827367407526973 -15.47263815060785
871.8539957872111 809.3499421212243 319.60080184781367 0.2915013110290304 1033 1.4029088563907806 65 28.50480953034518 0.29205610562756495 0.004739922741117985 0.0012750514661015488 27.1019006739544 0.1446988077266582 0.017255788355888358 0.00229979920924804 -3.2949427321069696e-05 0.0 35.0 5.398891927372211 27.842981 0.008719716 0.09338702745222285 3.6809757383006056 868 804 876 814 3.3201022573999146 7.1928287841352185 -1.2864188696576224 0.323621499418931 0.14937884704468432 0.11575774037542542 1.608076111913725 0.3781388874622801 -73.20100390382963
931.0466254417347 809.8278431639504 319.6003907825653 0.2915046297641184 1034 1.358644867047886 65 28.175610737869295 0.24987595489755915 0.0064187547140078976 0.0014772888122095722 26.81696587082141 0.12965085079046862 0.022434103889817605 0.0026790095385802832 -1.7023283286422982e-05 0.0 23.0 3.614715575452284 28.340643 0.0055136327 0.07426013145436099 2.756727421987196 929 807 934 813 1.9413694944222282 2.7712546992093783 -1.6398033181822065 1.0297948978496994 0.721410558461993 1.2186978634788113 2.4674946691895405 0.5947306340773355 -52.1001407596783
880.5078737101506 810.5467983259391 319.6007417506611 0.2915096225281485 1035 0.7414019005858208 65 28.164526491123706 0.22603400176485308 0.00648461921112132 0.0013500455284249759 27.423124590537885 0.20635604803895166 0.012836459024477682 0.0024397908769504934 -6.659933671226276e-06 0.0 23.0 3.5275483886076477 28.15304 0.0065535796 0.08095995206302417 3.6509513607815216 879 807 883 814 1.2365075915772579 3.251571557758709 -0.7028442660913437 0.9220123991767164 0.35062286370108947 0.3985956430700008 1.8491143137073593 0.4592005520767063 -72.55037832828346
876.9209805766492 813.7458197549441 319.6007666599627 0.2915318379557321 1036 1.738142346815799 65 28.99440659035051 0.4520139863210095 0.0030194819576033647 0.001257113453330259 27.256264243534712 0.1643946018614142 0.014968882440431583 0.0022665593341669554 -1.9857913012788172e-05 0.0 13.0 2.4530379582758566 29.941969 0.001261558 0.035525846490871586 3.8286627757756855 875 812 878 816 0.8994333129207133 1.2708832495304063 0.04031524060760108 1.1133942820764788 0.7879747475506145 -0.07063868123153917 1.1935836511591187 0.16218691582372535 83.87641456806766
863.8263873081261 817.1677871455508 319.6008575958146 0.2915556016213254 1037 1.0784692920512953 65 28.414742845282635 0.25329484331290064 0.005149889812378598 0.001201474194625716 27.33627355323134 0.16884979970332067 0.013905469401202722 0.00216260083188149 -7.813902476822175e-05 0.0 23.0 5.3673527023929095 28.702227 0.0039518895 0.06287148207151588 3.84951887390153 859 814 868 821 6.594866571278931 3.7955944447393777 -4.550939914888375 0.8785315681781437 1.526453512129409 2.106728966079474 4.790127540319441 0.7912372913700514 -36.45239156389624
890.3130023770356 818.0855167289375 319.600673658606 0.2915619747362796 1038 1.085285902062246 65 28.22113620924161 0.24145920856435954 0.006155177640644743 0.0013689088345612244 27.135850307179364 0.16062046089074541 0.016724569676119457 0.002474263691238548 -1.1234220513061039e-05 0.0 31.0 4.390548382227719 27.982153 0.0076706572 0.08758947502802407 3.6477975652954466 888 815 894 823 2.5134859786228487 4.439191474782489 1.4943483355534346 0.49740129784127535 0.28163038133742835 -0.33487665749657614 1.7587070752070488 0.431400479308203 61.3974393093679
926.7706046659821 816.7354839967143 319.60042047753495 0.291552599494223 1039 1.1962408432994707 65 28.267775757289026 0.25355717225877006 0.005896370600570208 0.0013770535655064267 27.071534913989556 0.15236306231905772 0.017745208619402753 0.0024902959627362458 -1.561278721343986e-06 0.0 41.0 5.662922450990997 27.647158 0.010443166 0.10219995394978917 3.548261123335244 923 813 933 822 6.3207382000485195 5.245597055052648 -4.223100291285066 0.3423690537491994 0.41254124818119703 0.5512656940443266 2.5650652599249835 0.6101463710793675 -41.37283473902108
918.269748676908 819.6597240148506 319.6004795120201 0.2915729067205181 1040 1.501051237483182 65 28.601377512575592 0.358159933066988 0.004336547123058242 0.001430576980138509 27.10032627509241 0.1626785724050175 0.017280828692948356 0.002589316147871883 5.210953340135417e-06 0.0 83.0 6.538073666911922 26.958132 0.019698925 0.14036486344837254 3.6170345749073434 911 814 923 826 8.236816636207793 7.1806908112852685 -2.330601293331851 0.13368296054642465 0.15334486086989885 0.0867776343346447 1.3778716812514153 0.2742430128966896 -38.61679553646831
909.0587759865319 820.73015179211 319.600543477936 0.291580340250678 1041 1.2432754597604116 73 28.622785057696586 0.3898997542600625 0.004251880518375165 0.0015269477473129078 27.379509597936174 0.22480123109203584 0.013362608232488069 0.0027668147566214337 1.8856731835339546e-06 0.0 27.0 4.122733996117063 28.659693 0.0041097756 0.06411608261593475 3.3264862984407997 906 817 911 824 1.9210694879480394 4.209279188147248 -1.1877604318149493 0.630552332041766 0.28777726339722726 0.3558543288346268 1.824642124768664 0.4519473235735011 -66.96373651112918
886.411269383074 822.3060551392081 319.60070075432355 0.29159128403203893 1042 1.3929097995653166 65 28.877514235887173 0.42190355148920045 0.003362709731301484 0.0013067506477511199 27.484604436321856 0.2110596000345731 0.012129790514208646 0.0023580259136336333 -3.011915982406338e-05 0.0 11.0 2.4360777096647688 29.68548 0.0015977314 0.039977219302078204 3.9813383921832024 885 820 888 824 0.7316789454732688 1.4087303261663766 -0.3831380629002603 1.5936881210456255 0.8277439777939594 0.8668835592206338 1.6820901588275035 0.40550154535292726 -65.73127322317758
917.4781624073077 825.4647807913844 319.60048500921556 0.29161321961514747 1043 1.4477355721105596 65 28.882384274412356 0.43930217167945035 0.0033476601709168602 0.0013545494916906847 27.434648702301796 0.20918758692959616 0.012700932095724276 0.0024471560623203644 -4.465508298267016e-05 0.0 12.0 2.974249206539565 29.902735 0.0013079765 0.03617269342093603 3.8499576902075 915 823 919 828 1.4509860897194566 1.7395911032278761 -1.2304149569587968 1.722023831860198 1.4363332978412204 2.4359792080205147 2.8197899367177075 0.6453636538741534 -48.34453320979161
