data/10/hst_16231_10_acs_sbc_f150lp_jec410_segment-cat.ecsv
# %ECSV 1.0
# ---
# datatype:
# - {name: X-Centroid, unit: pix, datatype: float64, format: 10.3f, description: Pixel Coordinate}
# - {name: Y-Centroid, unit: pix, datatype: float64, format: 10.3f, description: Pixel Coordinate}
# - {name: RA, unit: deg, datatype: float64, format: 13.7f, description: Sky coordinate at epoch of observation}
# - {name: DEC, unit: deg, datatype: float64, format: 13.7f, description: Sky coordinate at epoch of observation}
# - {name: ID, unit: '', datatype: int64, format: 7d, description: Catalog Object Identification Number}
# - {name: CI, unit: mag(AB), datatype: float64, format: 7.3f, description: Concentration Index}
# - {name: Flags, unit: '', datatype: int64, format: 5d, description: Numeric encoding for conditions on detected sources}
# - {name: MagAp1, unit: mag(AB), datatype: float64, format: 7.3f, description: ABMAG of source based on the inner (smaller) aperture}
# - {name: MagErrAp1, unit: mag(AB), datatype: float64, format: 7.3f, description: Error of MagAp1}
# - {name: FluxAp1, unit: electron / s, datatype: float64, format: 10.4f, description: Flux of source based on the inner (smaller) aperture}
# - {name: FluxErrAp1, unit: electron / s, datatype: float64, format: 10.4f, description: Error of FluxAp1}
# - {name: MagAp2, unit: mag(AB), datatype: float64, format: 7.3f, description: ABMAG of source based on the outer (larger) aperture}
# - {name: MagErrAp2, unit: mag(AB), datatype: float64, format: 7.3f, description: Error of MagAp2}
# - {name: FluxAp2, unit: electron / s, datatype: float64, format: 10.4f, description: Flux of source based on the outer (larger) aperture}
# - {name: FluxErrAp2, unit: electron / s, datatype: float64, format: 10.4f, description: Error of FluxAp2}
# - {name: MSkyAp2, unit: electron / (pix s), datatype: float64, format: 7.3f, description: Sky estimate from an annulus outside Aperture
#     2}
# - {name: Bck, unit: electron / s, datatype: float32, format: 10.4f, description: Background at the position of the source centroid}
# - {name: Area, unit: pix2, datatype: float64, format: 8.3f, description: Total unmasked area of the source segment}
# - {name: FWHM, unit: pix, datatype: float64, format: 8.3f, description: Circularized FWHM of 2D Gaussian function having the same second-order
#     central moments as the source}
# - {name: MagSegment, unit: mag(AB), datatype: float32, format: 7.3f, description: Magnitude corresponding to FluxSegment}
# - {name: FluxSegment, unit: electron / s, datatype: float32, format: 10.4f, description: Sum of unmasked data values in the source segment}
# - {name: FluxSegmentErr, unit: electron / s, datatype: float64, format: 10.4f, description: 'Uncertainty of FluxSegment, propagated
#     from the input error array'}
# - {name: KronRadius, unit: pix, datatype: float64, format: 8.4f, description: The unscaled first-moment Kron radius}
# - {name: Xmin, unit: pix, datatype: int64, format: 8.0f, description: Minimum X pixel within the minimal bounding box containing the
#     source segment}
# - {name: Ymin, unit: pix, datatype: int64, format: 8.0f, description: Minimum Y pixel within the minimal bounding box containing the
#     source segment}
# - {name: Xmax, unit: pix, datatype: int64, format: 8.0f, description: Maximum X pixel within the minimal bounding box containing the
[...]
#   h12.1: [and an undistorted a priori solution based on GSC240).]
#   h13: [Magnitude values in this table are in the ABMAG system.]
#   h14: ['Column titles in this table ending with Ap1 refer to the inner photometric aperture ']
#   h14.1: ['(radius = 2.8000000000000185 pixels, 0.07 arcsec.']
#   h15: ['Column titles in this table ending with Ap2 refer to the outer photometric aperture ']
#   h15.1: ['(radius = 5.000000000000032 pixels, 0.125 arcsec.']
#   h16: [CI = Concentration Index (CI) = MagAp1 - MagAp2.]
#   h17: ['Flag Value Identification:']
#   h17.1: ['    0 - Stellar Source (0.15 < CI < 0.45)']
#   h17.2: ['    1 - Extended Source (CI > 0.45)']
#   h17.3: ['    2 - Questionable Photometry (Single-Pixel Saturation)']
#   h17.4: ['    4 - Questionable Photometry (Multi-Pixel Saturation)']
#   h17.5: ['    8 - Faint Detection Limit']
#   h17.6: ['   16 - Hot pixels (CI < 0.15)']
#   h17.7: ['   32 - False Detection Swarm Around Saturated Source']
#   h17.8: ['   64 - False Detections Near Image Edge']
#   h17.9: ['  128 - Bleeding and Cosmic Rays']
#   h18: ['#=================================================================================================']
#   version: {Python: 3.8.12, astropy: 5.0.2, bottleneck: null, gwcs: null, matplotlib: 3.5.1, numpy: 1.22.3, photutils: 1.3.0, scipy: 1.8.0,
#     skimage: 0.19.2, sklearn: 1.0.2}
# schema: astropy-2.0
X-Centroid Y-Centroid RA DEC ID CI Flags MagAp1 MagErrAp1 FluxAp1 FluxErrAp1 MagAp2 MagErrAp2 FluxAp2 FluxErrAp2 MSkyAp2 Bck Area FWHM MagSegment FluxSegment FluxSegmentErr KronRadius Xmin Ymin Xmax Ymax X2 Y2 XY CXX CYY CXY Elongation Ellipticity Theta
[from data line 61]
850.635360492126 701.9362522523019 319.6009492013715 0.2907553826315347 62 1.1576694032443555 65 28.373853153865202 0.21979370808583493 0.005347537188695906 0.0010825780858712115 27.216183750620846 0.1356701907463899 0.01553179231834083 0.0019408687726467841 -0.00010343559381675343 0.0 5.0 1.4797740503962595 29.85499 0.0013667824 0.03697276538088665 3.061453518857679 850 701 851 703 0.23167753717142706 0.5581010631170502 0.13930370263525182 5.0785418244744935 2.1081917596519104 -2.535238604227166 1.8384986146347768 0.4560779148595372 69.75937153110074
870.4772057468822 703.6902605616177 319.6008114090049 0.2907675632408448 63 1.3707017038739622 65 28.535860442252766 0.2601919952020692 0.004606285986577121 0.0011039133658642653 27.165158738378803 0.13208534887798254 0.01627914455759799 0.0019805070353923196 -0.00011702022225845092 0.0 6.0 3.037083437418213 31.681837 0.00025407394 0.015947335701215825 3.987012415662523 869 702 872 706 0.9763051858894415 2.3505047848258345 -1.4165973496441315 8.159719478165115 3.389219410810932 9.835365629740501 6.032714788915731 0.8342371494443331 -57.937512588576546
875.4311747153791 704.8221632820762 319.6007770059993 0.290775423675158 64 1.115440518839364 65 28.117464527069476 0.1816568742630599 0.006771880164536646 0.00113305570928778 27.002024008230112 0.11677307570556814 0.018918446525248725 0.0020347841837750867 -0.00013880663880321687 0.0 14.0 3.8465384727692107 29.518251 0.0018637755 0.043178047316830795 3.760685317514134 873 702 878 707 3.151789436372962 2.1846883844489975 -2.3495327854323995 1.600066535031908 2.3083716828930627 3.4415972636563006 4.33637106484414 0.7693924285891474 -39.18525123910613
426.783081951634 706.1866209929956 319.60389265787705 0.29078489876363195 65 1.0200134394309686 73 28.84819362961976 0.3142419903301991 0.0034547579364893953 0.0009999355347439247 27.828180190188792 0.21931625131333632 0.008839404313978892 0.0017855991691855795 0.0 0.0 5.0 1.7331179099600291 30.71831 0.00061712274 0.02484604063854172 3.935602140368895 426 705 428 707 0.5507129755249734 0.532641964834786 -0.3284955265285507 2.8725694290360537 2.970027452037522 3.543191371989284 2.0210878070821563 0.5052169448077075 -44.2122178498852
813.921359153989 705.6558355820682 319.601204162997 0.29078121307416865 66 1.2822996183213249 73 29.285382643230374 0.4700454166286299 0.0023096279033164276 0.0009999355347439247 28.00308302490905 0.2576510685488113 0.0075242265786199004 0.0017855991691855795 0.0 0.0 5.0 1.4317097460632935 37.344383 1.3802047e-06 0.0012582457189541558 4.465494789062685 813 705 815 706 0.5135912043991375 0.22571527136144184 0.09768001681085742 2.1217033343065923 4.82771132086695 -1.8363668183607327 1.6666561471528147 0.39999621295111054 17.08091365972008
589.0797270188276 707.5378965756446 319.60276558332976 0.2907942828340765 67 1.4065048218255427 73 29.265314571421857 0.46143718951930585 0.0023527145941626753 0.0009999355347439247 27.858809749596315 0.22559145109711667 0.008593521645242708 0.0017855991691855797 0.0 0.0 5.0 2.2208535142471817 30.375795 0.00084601104 0.029089757954441846 3.7527624681282377 588 706 590 709 0.7798856670748407 0.9990259660070699 -0.7713734715292407 5.426274487172819 4.2359997058675205 8.379530324663106 3.8887278173375344 0.7428464919705637 -49.04226246659763
719.2377969489877 707.1536945723494 319.60186169620295 0.29079161485350563 68 0.7978711342214666 73 28.95842672682664 0.3478223265443489 0.003121220023042588 0.0009999355347439247 28.160555592605174 0.2978660285595078 0.006508379043290211 0.0017855991691855795 0.0 0.0 5.0 1.7783062231629012 29.956732 0.0012445205 0.03528064047604608 3.7604373633128025 718 706 720 708 0.5833315214969114 0.557253448056467 -0.4511795297475656 4.586427987694149 4.801061394287763 7.426790915071145 2.9310110967633394 0.6588208072278261 -44.172309646715036
682.292582318151 710.1188147266852 319.6021182634994 0.2908122059478093 69 1.0127159840463662 65 28.743706484170364 0.2854101137519843 0.0038037545194171715 0.0009999355347439247 27.730990500123998 0.20053719594178063 0.00966715929621156 0.0017855991691855795 0.0 0.0 17.0 3.528771480705273 28.571547 0.004457345 0.06676852144677703 3.590353108667484 680 707 685 713 1.9758612646551774 2.515330690053344 -1.7451587825037091 1.307096260401197 1.0267599724820236 1.8137499991053083 2.8917487330587823 0.6541884885889662 -49.39310397164519
559.827732150266 709.4838882204659 319.6029687248013 0.29080779663498646 70 0.87765413266753 73 28.749880606899172 0.2870377438286153 0.0037821855606546572 0.0009999355347439247 27.872226474231642 0.22839643861119502 0.00848798269260649 0.0017855991691855795 0.0 0.0 8.0 2.9442043368365063 29.159224 0.0025942118 0.05093659407497705 3.243832422242668 558 708 562 711 1.8943939416787687 1.2320485441884983 -1.3675813376733021 2.656957200641192 4.085328981505114 5.898477133442669 4.361973470935807 0.7707459693042419 -38.19366859035729
571.80337388361 710.6031409556934 319.6028855595526 0.29081556923612145 71 1.1638300666454668 73 29.362547488206115 0.5046679911806135 0.002151176672671019 0.0009999355347439247 28.198717421560648 0.30852169351745057 0.006283593856505042 0.0017855991691855795 0.0 0.0 7.0 2.2641642255430017 30.363829 0.0008553881 0.029251876043272253 3.617057295458223 570 709 573 712 0.9114231084455785 0.9375491531480736 -0.803855868432056 4.500530314364796 4.375117096526329 7.7175211392615415 3.786963980523392 0.735936226184599 -45.46550022512535
652.2586838706302 711.3150594476108 319.6023268349259 0.2908205131839759 72 1.3162246470455585 65 28.98808176462268 0.3574534317012818 0.0030371229194932534 0.0009999355347439247 27.671857117577122 0.18990726753254014 0.010208271874864427 0.0017855991691855795 0.0 0.0 7.0 2.2850966733636446 29.935503 0.0012690951 0.03562834988613544 3.441290139966697 651 710 654 713 0.9504718372447263 0.9328463645257025 -0.8193781393778098 4.333505957140127 4.415384489264904 7.612786377635708 3.795726083976506 0.736545794434046 -44.69189248132715
597.2469605996173 711.8643143703099 319.60270886570345 0.2908243274097809 73 1.2383098859891888 65 28.93616622324345 0.3407636443895799 0.003185873927414413 0.000999935534743925 27.69785633725426 0.19450970396458522 0.009966726484441893 0.0017855991691855795 0.0 0.0 8.0 2.0509492978036805 29.47381 0.0019416464 0.04406780328264271 3.5456138056400404 596 711 599 713 0.9169329884972325 0.600202599778319 -0.4746996188336737 1.846744071668299 2.8212816159906433 2.9211759736731326 2.2083892552814897 0.5471812781155122 -35.7753573120864
704.0702995710715 711.8683359472229 319.6019670274046 0.29082435541197 74 1.6950422178691653 73 29.68172059361834 0.6771345947415011 0.001603270632607278 0.0009999355347439247 27.986678375749175 0.2537874185649252 0.007638775117170888 0.0017855991691855795 0.0 0.0 5.0 2.2726318611948835 30.840422 0.00055147667 0.02348786164704848 3.950880156798655 703 711 706 713 1.2982387035818284 0.5645891782057718 -0.7376415872061031 2.9895155448508772 6.874210372963272 7.811665815094347 4.038950769491444 0.7524109460423275 -31.7795576183528
554.4610671544988 713.7961066075605 319.603005993793 0.29083774259009887 75 1.131850881457133 73 28.959042299813316 0.3480195850821239 0.0031194509062336183 0.0009999355347439247 27.827191418356183 0.21911661256387305 0.008847457959946646 0.0017855991691855795 0.0 0.0 5.0 1.4670551617985501 29.876654 0.0013397831 0.03660581975803473 2.9413633506033903 554 713 555 715 0.24848423354117577 0.5277761726618462 -0.12372333937174881 4.55621284096432 2.1451272609134335 2.1361702053712275 1.6885684033597743 0.40778235693011766 -69.22987207231219
741.5909096613776 716.2483831756048 319.6017064642571 0.29085477242122487 76 1.581656310170736 65 29.258011710711035 0.4583438931101533 0.0023685927234784188 0.0009999355347439247 27.6763554005403 0.19069569909817538 0.010166065764213835 0.0017855991691855795 0.0 0.0 5.0 1.467574904671357 30.426546 0.00080737623 0.028417938948477092 4.303027570386645 741 715 742 717 0.24173543346821172 0.5350750914917463 -0.11209315043668683 4.581838867056591 2.0699763869058927 1.919703464311067 1.6767589861127488 0.40361136676039977 -71.30547399986902
830.5611327483067 716.2200285887815 319.60108860752484 0.2908545755250082 77 1.0752316361433856 73 28.97529122875773 0.3532671514893781 0.0030731133803254887 0.0009999355347439247 27.900059592614344 0.2343271308789806 0.008273156465974894 0.0017855991691855795 0.0 0.0 5.0 1.443524693050515 29.533926 0.0018370654 0.04286336905127807 2.5625327315374813 830 715 831 717 0.246262787084471 0.505296044101734 -0.10674917208681863 4.470055132356517 2.178541170398968 1.8886935297891234 1.6168796006934452 0.3815247594371768 -70.25212011979318
655.371110069832 716.7937883071422 319.60230522058043 0.290858559914278 78 0.9292518135912857 73 28.839682403598086 0.31178823708304154 0.003481946657860389 0.0009999355347439247 27.9104305900068 0.23657615767912757 0.008194507159991055 0.0017855991691855795 0.0 0.0 5.0 1.469247905392668 30.404173 0.00082418567 0.02871216873353468 3.656624145151147 655 716 656 718 0.233387385901265 0.5451952398539487 -0.08662658359166238 4.553252887328909 1.9491582300053798 1.4469412534263493 1.640446313266237 0.3904097976794292 -75.47083178123351
788.4142430183202 717.2150933088815 319.6013812980304 0.29086148569585646 79 2.2245904052626386 73 30.364121424878814 1.2695076870475392 0.0008551582799756815 0.000999935534743925 28.139531019616175 0.29215353517838244 0.006635637719739049 0.0017855991691855795 0.0 0.0 5.0 1.4496392110272196 32.322426 0.00014084004 0.0118761533154051 4.308192406328329 788 716 789 718 0.24264574009318526 0.515293519087672 0.1105013298673272 4.567264237610839 2.150671743549847 -1.9588399753407888 1.650692624741746 0.3941936948095034 70.48624471558396
574.8905158769583 719.2532010176224 319.60286412079927 0.2908756391007966 80 1.3491978657789048 65 28.378195925297238 0.23295887445282099 0.005326190613822953 0.0011428418260268718 27.028998059518333 0.12078865317224204 0.01845422669390462 0.002053109687475339 -0.00014834161473458222 0.0 6.0 1.7308633721224822 32.51378 0.000118082 0.010877756051108807 4.1720467231997 574 718 576 720 0.6228719826083883 0.45766621222890486 -0.31222713242349825 2.4398236290890147 3.320537414515058 3.328972578594231 1.9931290723975057 0.49827634655034425 -37.59065928326478
725.7183347194506 720.3468882643633 319.6018166918938 0.2908832342566621 81 1.1742049123906426 73 29.068471859392236 0.3849244596019559 0.0028203715897766315 0.0009999355347439247 27.894266947001594 0.2330802722916416 0.008317413562822168 0.0017855991691855795 0.0 0.0 5.0 1.5845537481247443 29.93308 0.0012719298 0.03566696993155631 3.5266524682809135 725 719 727 721 0.44067832360878595 0.4649051697366918 -0.21998944389244307 2.9710524896256807 2.816226868854761 2.811757009878772 1.7016172662766271 0.4123237817231734 -46.57586615395689
930.3546918410857 720.435366023091 319.60039558776646 0.2908838486733105 82 0.4184809133923153 72 28.669985945170477 0.2666742872737811 0.004070996199783286 0.0009999355347439247 28.251505031778162 0.3238923948499024 0.00598539838789107 0.0017855991691855795 0.0 0.0 5.0 1.7909032012208188 29.429579 0.0020223781 0.04497311621888656 3.2703184187415455 930 719 931 722 0.2288855389529331 0.9279157747132338 -0.327899241820153 8.848367084144469 2.1825938561435647 6.253526316295289 3.26601928948051 0.6938168726618087 -68.41382649153428
618.3999466417006 724.0895546680507 319.60256196808507 0.29090922493043897 83 1.1303031062690962 73 29.141161212875918 0.41157714487787284 0.002637731525140003 0.000999935534743925 28.010858106606822 0.2595027596242296 0.007470537195026329 0.0017855991691855795 0.0 0.0 8.0 2.6726689097773453 29.815062 0.0014179805 0.037660394808789834 3.573515455370183 617 722 620 726 1.157044666711957 1.4193053862161829 -1.1632301377125382 4.90947110371168 4.002293947513306 8.047379800750521 4.572964787035468 0.7813234856224919 -48.21588591238565
808.0604051172712 724.990910579068 319.60124486459137 0.2909154844282117 84 1.1343464677407695 65 28.769160693339135 0.29218037511776657 0.003715615772051439 0.0009999355347439247 27.634814225598365 0.18353733789273222 0.010562564763349715 0.0017855991691855795 0.0 0.0 5.0 1.7960660426044963 29.738844 0.0015211017 0.03900390529556151 3.464464073574168 807 724 809 726 0.7811996260637202 0.38228098810794614 -0.38181455814349863 2.5009320424606813 5.110709758418273 4.995761193697689 2.5897678351581166 0.6138650011695177 -31.208752398898287
514.5610602143897 726.4848280518761 319.60328308076026 0.29092585866351106 85 1.282231945560909 73 29.43900591503861 0.5414883670589921 0.002004899968521773 0.000999935534743925 28.1567739694777 0.29683036476224645 0.006531087274502974 0.0017855991691855795 0.0 0.0 6.0 2.5929606645720313 30.220533 0.000976072 0.031246048955493037 3.5953384256177623 513 725 516 728 1.5231563158478714 0.9018138768413737 -1.057327812640577 3.5273759781838034 5.957709387172998 8.271313678243658 4.577480110476611 0.7815391927730563 -36.81289990725139
802.2724792600469 727.1893530996391 319.6012850590391 0.2909307513899402 86 0.871880366454107 73 28.876579818086423 0.32256607684807204 0.003365605027905054 0.0009999355347439247 28.004699451632316 0.25803494102587765 0.007513032964750165 0.0017855991691855795 0.0 0.0 11.0 2.916745098302983 29.190569 0.0025203836 0.0502078680815697 3.9517952258532403 801 725 804 729 1.3226939211386284 1.745702736553154 0.2645995083001871 0.7796735568805216 0.5907474695231413 -0.2363532295224337 1.2516862910275186 0.20107777230739454 64.31833417699134
869.1331135727202 728.6808373671348 319.60082074309264 0.29094110891338765 87 1.2633267124065028 73 29.465028604551566 0.5546234229167348 0.0019574182503187647 0.000999935534743925 28.201701892145064 0.3093709242849866 0.00626634523740492 0.0017855991691855795 0.0 0.0 5.0 2.5981062073943875 31.3724 0.00033785848 0.0183864475295966 3.806544962910567 868 727 871 730 1.3523993605001419 1.0822047373800034 -1.1415846452579812 6.748700797715846 8.433652457605982 14.237995713758282 5.910532494293883 0.8308105063350189 -41.62544881256041
561.9784833280453 732.0187080858906 319.60295378886116 0.29096428844183453 88 1.3205445175203252 65 29.025285209399218 0.3699140685912651 0.0029348167648931504 0.000999935534743925 27.704740691878893 0.1957469548828962 0.009903730145608388 0.0017855991691855797 0.0 0.0 8.0 2.6936342617481226 29.451677 0.0019816365 0.044519223414393135 3.8435964365938142 560 730 563 734 1.1247558562964555 1.492172315510436 0.816795812173854 1.4756828119250474 1.112326550691263 -1.6155393426730356 2.133775799936322 0.531347201505499 51.337827213579345
613.1726358915706 731.4328887673714 319.6025982693284 0.29096022030168417 89 0.9378230441862314 73 28.880438814788068 0.32371460278586756 0.0033536640013413525 0.0009999355347439247 27.942615770601837 0.24369411765742144 0.007955157213560854 0.0017855991691855793 0.0 0.0 5.0 2.092330487574913 30.288515 0.0009168278 0.03028251617646066 4.193412386830145 612 730 614 733 0.5603704978274869 1.018603994176836 -0.6700549728245748 8.361415202416866 4.599913633076942 11.000561294201583 4.290838277483881 0.7669453064107573 -54.43873428797493
