data/10/hst_16231_10_acs_sbc_f150lp_jec410_segment-cat.ecsv
# %ECSV 1.0
# ---
# datatype:
# - {name: X-Centroid, unit: pix, datatype: float64, format: 10.3f, description: Pixel Coordinate}
# - {name: Y-Centroid, unit: pix, datatype: float64, format: 10.3f, description: Pixel Coordinate}
# - {name: RA, unit: deg, datatype: float64, format: 13.7f, description: Sky coordinate at epoch of observation}
# - {name: DEC, unit: deg, datatype: float64, format: 13.7f, description: Sky coordinate at epoch of observation}
# - {name: ID, unit: '', datatype: int64, format: 7d, description: Catalog Object Identification Number}
# - {name: CI, unit: mag(AB), datatype: float64, format: 7.3f, description: Concentration Index}
# - {name: Flags, unit: '', datatype: int64, format: 5d, description: Numeric encoding for conditions on detected sources}
# - {name: MagAp1, unit: mag(AB), datatype: float64, format: 7.3f, description: ABMAG of source based on the inner (smaller) aperture}
# - {name: MagErrAp1, unit: mag(AB), datatype: float64, format: 7.3f, description: Error of MagAp1}
# - {name: FluxAp1, unit: electron / s, datatype: float64, format: 10.4f, description: Flux of source based on the inner (smaller) aperture}
# - {name: FluxErrAp1, unit: electron / s, datatype: float64, format: 10.4f, description: Error of FluxAp1}
# - {name: MagAp2, unit: mag(AB), datatype: float64, format: 7.3f, description: ABMAG of source based on the outer (larger) aperture}
# - {name: MagErrAp2, unit: mag(AB), datatype: float64, format: 7.3f, description: Error of MagAp2}
# - {name: FluxAp2, unit: electron / s, datatype: float64, format: 10.4f, description: Flux of source based on the outer (larger) aperture}
# - {name: FluxErrAp2, unit: electron / s, datatype: float64, format: 10.4f, description: Error of FluxAp2}
# - {name: MSkyAp2, unit: electron / (pix s), datatype: float64, format: 7.3f, description: Sky estimate from an annulus outside Aperture
#     2}
# - {name: Bck, unit: electron / s, datatype: float32, format: 10.4f, description: Background at the position of the source centroid}
# - {name: Area, unit: pix2, datatype: float64, format: 8.3f, description: Total unmasked area of the source segment}
# - {name: FWHM, unit: pix, datatype: float64, format: 8.3f, description: Circularized FWHM of 2D Gaussian function having the same second-order
#     central moments as the source}
# - {name: MagSegment, unit: mag(AB), datatype: float32, format: 7.3f, description: Magnitude corresponding to FluxSegment}
# - {name: FluxSegment, unit: electron / s, datatype: float32, format: 10.4f, description: Sum of unmasked data values in the source segment}
# - {name: FluxSegmentErr, unit: electron / s, datatype: float64, format: 10.4f, description: 'Uncertainty of FluxSegment, propagated
#     from the input error array'}
# - {name: KronRadius, unit: pix, datatype: float64, format: 8.4f, description: The unscaled first-moment Kron radius}
# - {name: Xmin, unit: pix, datatype: int64, format: 8.0f, description: Minimum X pixel within the minimal bounding box containing the
#     source segment}
# - {name: Ymin, unit: pix, datatype: int64, format: 8.0f, description: Minimum Y pixel within the minimal bounding box containing the
#     source segment}
# - {name: Xmax, unit: pix, datatype: int64, format: 8.0f, description: Maximum X pixel within the minimal bounding box containing the
[...]
#   h12.1: [and an undistorted a priori solution based on GSC240).]
#   h13: [Magnitude values in this table are in the ABMAG system.]
#   h14: ['Column titles in this table ending with Ap1 refer to the inner photometric aperture ']
#   h14.1: ['(radius = 2.8000000000000185 pixels, 0.07 arcsec.']
#   h15: ['Column titles in this table ending with Ap2 refer to the outer photometric aperture ']
#   h15.1: ['(radius = 5.000000000000032 pixels, 0.125 arcsec.']
#   h16: [CI = Concentration Index (CI) = MagAp1 - MagAp2.]
#   h17: ['Flag Value Identification:']
#   h17.1: ['    0 - Stellar Source (0.15 < CI < 0.45)']
#   h17.2: ['    1 - Extended Source (CI > 0.45)']
#   h17.3: ['    2 - Questionable Photometry (Single-Pixel Saturation)']
#   h17.4: ['    4 - Questionable Photometry (Multi-Pixel Saturation)']
#   h17.5: ['    8 - Faint Detection Limit']
#   h17.6: ['   16 - Hot pixels (CI < 0.15)']
#   h17.7: ['   32 - False Detection Swarm Around Saturated Source']
#   h17.8: ['   64 - False Detections Near Image Edge']
#   h17.9: ['  128 - Bleeding and Cosmic Rays']
#   h18: ['#=================================================================================================']
#   version: {Python: 3.8.12, astropy: 5.0.2, bottleneck: null, gwcs: null, matplotlib: 3.5.1, numpy: 1.22.3, photutils: 1.3.0, scipy: 1.8.0,
#     skimage: 0.19.2, sklearn: 1.0.2}
# schema: astropy-2.0
X-Centroid Y-Centroid RA DEC ID CI Flags MagAp1 MagErrAp1 FluxAp1 FluxErrAp1 MagAp2 MagErrAp2 FluxAp2 FluxErrAp2 MSkyAp2 Bck Area FWHM MagSegment FluxSegment FluxSegmentErr KronRadius Xmin Ymin Xmax Ymax X2 Y2 XY CXX CYY CXY Elongation Ellipticity Theta
[from data line 525]
833.9874978901613 976.7634626307698 319.6010648129936 0.2926639049276539 526 1.3071832157949714 65 28.10131549184513 0.18275507443699412 0.006873356631059374 0.0011569870155118936 26.79413227605016 0.09853993198924943 0.022910900784658014 0.0020794313393503196 -0.0001328811991788987 0.0 16.0 4.615319107184029 28.66849 0.004076601 0.06385335366648923 3.7976455844590555 831 973 838 980 3.478552154518239 4.204221092835319 -3.522427623169936 1.896265280326587 1.5689607018192457 3.1775004486150067 4.958010193202167 0.798306183119373 -47.9405603476881
563.0424597980153 975.2770320493281 319.602946400302 0.29265358235847017 527 1.3339981585685905 65 28.483621282366965 0.2607387053659502 0.004833331269742364 0.0011607594527746044 27.149623123798374 0.1371752312903559 0.016513754561076396 0.0020864678100652335 -0.00014330123423273578 0.0 6.0 2.9278621397286977 30.43284 0.0008027117 0.0283364654321418 3.8053536619085975 561 974 565 977 1.7892745217782122 1.3025568199909632 -1.4372072674723346 4.914066302501617 6.750272616480567 10.844105522928704 5.833934088398586 0.8285890815961379 -40.194701325249426
738.0717076093648 976.820024376764 319.60173090356 0.2926642977059962 528 0.6764374231211718 73 28.779592052198975 0.2950010663638924 0.00368008842629851 0.0009999355347439247 28.103154629077803 0.28252741091025935 0.0068617236527204065 0.0017855991691855795 0.0 0.0 13.0 3.6942700142253293 28.895636 0.0033070436 0.05751149100393721 3.371219197058565 736 974 740 980 2.155160711193341 2.7671816573420993 -2.1768997762189017 2.259239997881726 1.7595611288013382 3.554619576755531 4.210166167255563 0.7624796836339931 -49.00086671845078
873.426131738599 975.4274990115267 319.60079093001934 0.2926546273957932 529 0.901786826829003 65 28.128854204377657 0.17627753436382623 0.006701212551872165 0.0010880291294942887 27.227067377548654 0.13774895869961154 0.015376876418410136 0.001950952118162115 -0.00010455838230624909 0.0 5.0 1.803441319164478 29.190317 0.0025209668 0.050211251595876125 2.6044808719486707 872 974 874 976 0.5944542911820865 0.5786012599644699 -0.3285401469055143 2.4515613280480526 2.5187313827206506 2.7840807637171214 1.8837809353584534 0.4691527123828143 -44.30896146743786
550.5417389469737 976.6313075071474 319.60303321199734 0.2926629870353158 530 1.6950305086751953 65 28.65982741942268 0.3044273435372507 0.004109264603941106 0.0011522266807308128 26.964796910747484 0.11482187731961041 0.019578360037954615 0.0020705757155726145 -0.00014797057228394238 0.0 6.0 1.7914235410674226 3.4028235e+38 0.0 0.0004935312530035929 5.026914059955522 550 975 551 978 0.24825786030552427 0.9092157591132461 0.2506706582681567 5.581977078009676 1.524137336788685 -3.0779006073258524 2.461732505012678 0.5937820222287515 71.409710739628
799.9620880564653 976.0359311282227 319.60130110364435 0.2926588526259654 531 1.449905582803133 65 28.503594892662317 0.2483547115156774 0.004745228367250651 0.0010854746451363583 27.053689309859184 0.11714012262536444 0.018039286292741923 0.001946324222534627 -0.0001093208773887113 0.0 5.0 1.815673133225479 30.422789 0.00081017695 0.02846717307652911 3.8110325568015195 799 975 801 977 0.7887787367367989 0.4002432412699784 -0.4001720683410177 2.5728249111244246 5.070390637459368 5.144734801252881 2.6351358268829967 0.6205129201317632 -32.05262830712667
826.9135209037356 978.4510013459143 319.60111393847455 0.29267562394700514 532 1.174591597032233 65 28.23411569720717 0.20128166203613015 0.006082033335268087 0.001127569105905783 27.059524100174936 0.12251445106576125 0.017942602462059584 0.0020247104092570747 -0.00013576032502500194 0.0 12.0 4.634159113307047 28.949102 0.003148132 0.05611255870682263 3.3107934773827568 824 975 830 982 3.674774439750762 4.070849898682764 -3.7569892796367266 4.82050203752943 4.351488783708672 8.89768717993029 8.30832766125226 0.8796388345799452 -46.50868602890684
610.6456463183905 978.3267073396521 319.6026158183085 0.29267476070558507 533 1.1892589850441198 65 28.869721707473904 0.3205349925086835 0.00338693133493707 0.0009999355347439247 27.680462722429784 0.19141846397775358 0.010127680359038346 0.0017855991691855797 0.0 0.0 8.0 2.3669626867078413 29.131514 0.002661278 0.05159072424406638 3.2868167651237523 609 977 612 980 1.0394924712540872 0.9811867284150659 -0.7028719404206955 1.8657029805958634 1.9765699491863726 2.672988201416757 2.3632495216743514 0.5768538231665421 -43.81245818443571
491.341502039053 978.6165495691237 319.60344433011903 0.2926767733639054 534 1.5777625391651071 65 29.00437105705952 0.38161765460850894 0.0029918970959431444 0.0010516355831112017 27.42660851789441 0.1597844902767495 0.01279533520816286 0.001883113304003361 -7.986569452326797e-05 0.0 5.0 1.4374686608898821 31.591784 0.00027604648 0.016620754079192824 4.381824934328504 490 978 492 979 0.508849818066645 0.23641619793709825 -0.109159017298268 2.1812701499024687 4.6948514045022804 2.014289275464538 1.662093896214268 0.39834927360139616 -19.353685420771995
670.5589681151866 981.2009282332746 319.6021997481476 0.2926947206175774 535 1.3805955209413199 65 28.088479223478846 0.1803158099113302 0.006955100112363264 0.001155120668485922 26.707883702537526 0.0908642427859699 0.024805134944758608 0.0020759876613791026 -0.00013515816414495235 0.0 20.0 4.618411685061959 28.19023 0.006332925 0.07958478039859052 3.578500358957433 667 978 674 983 5.382819055675056 2.310253602965077 -2.0206147974141793 0.27658456453961755 0.6444334347530706 0.4838177619355987 2.2091998636795944 0.5473474281614239 -26.377052531427502
618.225552367683 979.9018397659933 319.60256317938666 0.2926856991317099 536 1.1653347445569722 65 28.25887154742647 0.2092884027576162 0.005944926041075649 0.0011459925169465606 27.093536802869497 0.1285460615727566 0.01738923008591629 0.002058871733745074 -0.00014306518661912117 0.0 6.0 1.792675758771691 30.14004 0.0010511843 0.03242572788277033 3.790008965450861 617 979 619 981 0.48967684686903706 0.6694155025694852 -0.36683744258542766 3.4643892997075323 2.5341977024673503 3.7969473546606904 2.177621738836709 0.540783423417603 -51.8827196849328
687.2595793191591 981.8007496480013 319.60208377016795 0.292698886053772 537 1.188257841627923 65 28.064962944901165 0.17825680167964897 0.007107385911524863 0.0011669336657376978 26.876705103273242 0.10727433736038108 0.021233081842282432 0.002097968853964804 -0.0001402573890142577 0.0 13.0 3.309593201608289 28.952772 0.0031375156 0.05601824189408682 3.680960139378109 685 979 689 984 1.4086077447106244 2.54199880297933 -1.013991048838469 0.9958853887374716 0.5518538678207079 0.7945077461604344 1.963444187547357 0.4906908959560733 -59.599894223455635
813.9727164333362 979.6904299634622 319.60120380634476 0.29268423109052377 538 1.0808845889076224 65 28.126043582300067 0.18906138699695121 0.006718582310054335 0.0011699590035848329 27.045158993392445 0.1256139658252682 0.01818157399126774 0.002103582586339404 -0.00013064369393737428 0.0 7.0 1.784773197664025 29.739912 0.0015196025 0.03898572458464375 3.887353194899787 813 979 815 981 0.7212458012858523 0.42764993703576726 -0.1378707473307269 1.4775469807366541 2.491931984009085 0.9526974696286881 1.4421069768952217 0.3065701671085831 -21.601899025999383
882.6036582817345 981.8103067155641 319.60072719636287 0.29269895244676525 539 1.1014214096341703 73 28.924378738036065 0.3370840942022484 0.0032206503621618763 0.0009999355347439247 27.822957328401895 0.21826377853059606 0.008882028117702676 0.0017855991691855795 0.0 0.0 11.0 3.6752165923065663 28.940088 0.0031743916 0.056345701024775055 3.2549081496458827 880 979 885 984 2.424219459270759 2.447479286388839 -2.31455038367471 4.248480590478615 4.208104794614433 8.035469338116869 6.258786483056316 0.8402246181896149 -45.14394574426953
921.4881576753696 982.5093749673541 319.6004571615932 0.29270380707267885 540 0.9945374165225118 65 28.28519352552105 0.19605945417133971 0.005802533611785815 0.0010478415517523986 27.290656108998537 0.14044445345052173 0.014502157967125784 0.0018759764663775532 -7.803588009694107e-05 0.0 6.0 2.194161260280483 29.47537 0.001938859 0.04403524083795315 3.3467219172524985 920 981 923 984 0.8681775358000412 0.8682298864398011 -0.7074609817694054 3.427990349040671 3.4277836555247427 5.5864684128136375 3.1308786378175 0.6806008422296788 -45.00105994209892
773.1204133744949 984.5580614482798 319.60148750659613 0.2927180340833413 541 1.2146649208246032 65 28.23597222316224 0.1969688797730394 0.00607164240933562 0.0011015239971901214 27.021307302337636 0.11544420232447443 0.0185854103378419 0.0019762161474856763 -0.00012268450133888986 0.0 7.0 2.2667768432392648 30.440924 0.000796756 0.02823190028362968 3.707161244771909 772 983 775 986 1.0598354607853968 0.7934063185777215 -0.5740631790681469 1.5516472894451327 2.072696903817763 2.245365470161904 2.1199719537244066 0.5282956464385384 -38.46771321361156
575.6442937179854 985.5957573809144 319.6028588864355 0.2927252401864785 542 1.251632873909827 65 28.44230299503457 0.24790517144813135 0.005020811041975152 0.001146435499833767 27.190670121124743 0.14063192231137792 0.015901094792766107 0.0020596864028388493 -0.00014187106842944005 0.0 8.0 2.371092489923366 31.751707 0.00023823895 0.01544550784439441 4.7876809257070105 575 984 577 988 0.4210035812396891 1.6067330068357681 -0.5496101277483019 4.291842434250279 1.1245683179772523 2.936194200938561 2.9783080327304816 0.6642388936905191 -68.5841035414312
699.9992915468843 987.9803421747276 319.60199529879276 0.29274179989734084 543 1.1326550246986784 65 28.109506480615597 0.17533317920296185 0.0068216979015444795 0.0011016578987196894 26.97685145591692 0.1108304189242375 0.019362190675851522 0.001976530997416956 -0.00011621405861424502 0.0 21.0 3.708292870385553 28.568106 0.0044714864 0.06687554904623735 3.519145643593414 697 985 703 990 2.803969302313627 2.1558128327891586 -1.6117663047257222 0.6254094359355735 0.8134420730169838 0.9351589712863192 2.221193929550167 0.5497916743350193 -39.315559007963124
961.5051932557183 986.0335545562068 319.60017926188436 0.29272828052010613 544 1.1672225735667539 73 29.205236388539344 0.43659757623063344 0.0024865690264345244 0.0009999355347439247 28.03801381497259 0.26607511832929215 0.007286006411112667 0.0017855991691855795 0.0 0.0 6.0 1.5262621592809107 30.418936 0.00081305794 0.028518441327313772 3.9990434759753284 961 985 962 987 0.24997303009504487 0.5902079026799416 -0.039195226177762305 4.0425256388169775 1.712146480220841 0.536921671239491 1.5563100939057113 0.3574545304847295 -83.51270826981502
631.8184800803463 987.3618070579269 319.6024687828296 0.29273750447115454 545 1.0819860800247767 65 27.970802143299192 0.16115313030472228 0.007751294144535638 0.0011505437186189393 26.888816063274415 0.10689698663052803 0.02099755123974674 0.002067398870911886 -0.00013361835337152736 0.0 6.0 2.1898761493718544 29.89997 0.0013113132 0.036215422573315004 3.7055334345919264 631 986 633 989 0.838431472702716 0.8912003010692356 -0.62771850437925 2.5233610451892208 2.3739504068169075 3.5546676081564383 2.512393304785034 0.6019731472395553 -46.203426580300324
594.8285512642899 988.2005753304579 319.60272566068863 0.2927433292188827 546 1.0698527611116475 65 28.76276599444653 0.2904645678228389 0.003737564337739225 0.0009999355347439247 27.69291323333488 0.1936261594234875 0.010012206118000511 0.0017855991691855795 0.0 0.0 5.0 1.7448681757239601 30.137163 0.0010539717 0.032468056215318064 3.995969889152062 594 987 596 989 0.5399019442286294 0.558192744764684 -0.3553689798219988 3.1881746341353274 3.083704866561294 4.059452143917323 2.1617419239496627 0.537410090945118 -45.73708910326912
782.7266163617896 988.7185074688508 319.60142079598313 0.29274692607107633 547 1.3210977747739037 73 29.263555879235685 0.4606903515031473 0.0023565286456060336 0.0009999355347439247 27.94245810446178 0.24365873197065196 0.007956312512609998 0.0017855991691855797 0.0 0.0 7.0 2.7718587936474104 29.774958 0.0014713369 0.03836171421865929 3.4349832285853346 781 987 784 991 1.0013095031086108 1.7698195541118753 -1.1284843716172224 3.5491496841707324 2.0079997977525084 4.526065882605448 3.650277913627001 0.7260482561432215 -54.40199302986756
882.4535613814446 989.5071266725417 319.6007282387138 0.29275240258537205 548 0.507269456869551 73 28.60312414800403 0.25074739172400806 0.004329576481762201 0.0009999355347439247 28.09585469113448 0.2806342119021183 0.006908013833541265 0.0017855991691855795 0.0 0.0 10.0 3.7529521310202862 28.895273 0.0033081523 0.05752006745735751 3.330359633725022 880 987 885 992 3.013951983090823 2.0660115848024008 -2.3436485847070996 2.8140739907265684 4.105245075731674 6.384475841415155 5.754971351597383 0.8262371888745486 -39.283466382328676
987.8189416719734 989.2531881485454 319.5999965251331 0.2927506390685256 549 0.7516893476346027 73 28.57532904057648 0.244409668064726 0.004441845605649185 0.0009999355347439247 27.823639692941878 0.218400996276065 0.008876447685862694 0.0017855991691855795 0.0 0.0 13.0 2.938929486824326 28.818857 0.003549374 0.059581052613610484 3.585400715180449 986 987 990 992 1.1787070625839584 1.936542761251443 -0.7888018852550913 1.1663052152914126 0.7098899244053387 0.9501300678846821 1.887922898558303 0.4703173520679039 -57.82914862210599
492.6771665604286 991.0345806083928 319.6034350545671 0.2927630096923256 550 1.0327001341209296 73 29.34364545612603 0.49595805416848804 0.0021889552976241543 0.0009999355347439247 28.3109453220051 0.3421187422790715 0.005666526788536529 0.0017855991691855795 0.0 0.0 12.0 2.9848630857698413 29.379488 0.0021178704 0.046025619090446605 3.4241190604987892 491 989 495 993 1.9151880896996776 1.2982014654573417 -1.2400758373010539 1.3686717711709566 2.0191502972393702 2.6147818158982217 2.9618234476754943 0.6623701521490679 -38.015059697149
813.2694189956427 994.1152357905202 319.6012086904185 0.29278440335316647 551 0.8385963453971002 65 28.511670146586706 0.23049145190689155 0.004710066256643766 0.0009999355347439247 27.673073801189606 0.1901201982331459 0.010196838820920187 0.0017855991691855795 0.0 0.0 23.0 5.519174849966696 28.28398 0.005809017 0.07622303825279193 3.462872926824155 810 989 818 998 4.426532252312217 6.560056122719961 -4.955963185873635 1.4653681879596203 0.9887872030622367 2.214100202016901 4.992261108876097 0.7996899644888308 -51.073734773751056
799.1285043500709 992.2679586181364 319.60130689249667 0.29277157503901446 552 1.030230661104305 65 28.065449987975402 0.17084936241461046 0.0071041983722529515 0.001117940280341098 27.035219326871097 0.1187346415978011 0.018348786368624574 0.002006665352522112 -0.00012967590787314206 0.0 10.0 3.03830428248643 29.237417 0.0024139455 0.04913604940793456 3.521469565312714 798 990 801 995 0.9746660731663275 2.3548190534694258 -1.0242269898546497 1.8897189452460794 0.7821598610888443 1.6438640107901823 2.597649696172911 0.6150366227311985 -61.98512811471012
1003.4982770711571 993.4868671186227 319.5998876394348 0.29278003960466764 553 1.120655278757127 65 28.45942310538405 0.21966254303956043 0.0049422627774821 0.0009999355347439247 27.338767826626924 0.1397352153681067 0.013873560883545591 0.0017855991691855795 0.0 0.0 17.0 3.47467026476439 28.276697 0.005848104 0.0764774072732616 3.3360217027158723 1001 991 1006 995 2.806925711727303 1.5476088616819947 -1.4357282009123868 0.6779706851081659 1.2296474871300658 1.257916849795989 2.4787153230522385 0.5965652083158057 -33.15974143053068
