data/10/hst_16231_10_acs_sbc_f150lp_jec410_segment-cat.ecsv
# %ECSV 1.0
# ---
# datatype:
# - {name: X-Centroid, unit: pix, datatype: float64, format: 10.3f, description: Pixel Coordinate}
# - {name: Y-Centroid, unit: pix, datatype: float64, format: 10.3f, description: Pixel Coordinate}
# - {name: RA, unit: deg, datatype: float64, format: 13.7f, description: Sky coordinate at epoch of observation}
# - {name: DEC, unit: deg, datatype: float64, format: 13.7f, description: Sky coordinate at epoch of observation}
# - {name: ID, unit: '', datatype: int64, format: 7d, description: Catalog Object Identification Number}
# - {name: CI, unit: mag(AB), datatype: float64, format: 7.3f, description: Concentration Index}
# - {name: Flags, unit: '', datatype: int64, format: 5d, description: Numeric encoding for conditions on detected sources}
# - {name: MagAp1, unit: mag(AB), datatype: float64, format: 7.3f, description: ABMAG of source based on the inner (smaller) aperture}
# - {name: MagErrAp1, unit: mag(AB), datatype: float64, format: 7.3f, description: Error of MagAp1}
# - {name: FluxAp1, unit: electron / s, datatype: float64, format: 10.4f, description: Flux of source based on the inner (smaller) aperture}
# - {name: FluxErrAp1, unit: electron / s, datatype: float64, format: 10.4f, description: Error of FluxAp1}
# - {name: MagAp2, unit: mag(AB), datatype: float64, format: 7.3f, description: ABMAG of source based on the outer (larger) aperture}
# - {name: MagErrAp2, unit: mag(AB), datatype: float64, format: 7.3f, description: Error of MagAp2}
# - {name: FluxAp2, unit: electron / s, datatype: float64, format: 10.4f, description: Flux of source based on the outer (larger) aperture}
# - {name: FluxErrAp2, unit: electron / s, datatype: float64, format: 10.4f, description: Error of FluxAp2}
# - {name: MSkyAp2, unit: electron / (pix s), datatype: float64, format: 7.3f, description: Sky estimate from an annulus outside Aperture
#     2}
# - {name: Bck, unit: electron / s, datatype: float32, format: 10.4f, description: Background at the position of the source centroid}
# - {name: Area, unit: pix2, datatype: float64, format: 8.3f, description: Total unmasked area of the source segment}
# - {name: FWHM, unit: pix, datatype: float64, format: 8.3f, description: Circularized FWHM of 2D Gaussian function having the same second-order
#     central moments as the source}
# - {name: MagSegment, unit: mag(AB), datatype: float32, format: 7.3f, description: Magnitude corresponding to FluxSegment}
# - {name: FluxSegment, unit: electron / s, datatype: float32, format: 10.4f, description: Sum of unmasked data values in the source segment}
# - {name: FluxSegmentErr, unit: electron / s, datatype: float64, format: 10.4f, description: 'Uncertainty of FluxSegment, propagated
#     from the input error array'}
# - {name: KronRadius, unit: pix, datatype: float64, format: 8.4f, description: The unscaled first-moment Kron radius}
# - {name: Xmin, unit: pix, datatype: int64, format: 8.0f, description: Minimum X pixel within the minimal bounding box containing the
#     source segment}
# - {name: Ymin, unit: pix, datatype: int64, format: 8.0f, description: Minimum Y pixel within the minimal bounding box containing the
#     source segment}
# - {name: Xmax, unit: pix, datatype: int64, format: 8.0f, description: Maximum X pixel within the minimal bounding box containing the
[...]
#   h12.1: [and an undistorted a priori solution based on GSC240).]
#   h13: [Magnitude values in this table are in the ABMAG system.]
#   h14: ['Column titles in this table ending with Ap1 refer to the inner photometric aperture ']
#   h14.1: ['(radius = 2.8000000000000185 pixels, 0.07 arcsec.']
#   h15: ['Column titles in this table ending with Ap2 refer to the outer photometric aperture ']
#   h15.1: ['(radius = 5.000000000000032 pixels, 0.125 arcsec.']
#   h16: [CI = Concentration Index (CI) = MagAp1 - MagAp2.]
#   h17: ['Flag Value Identification:']
#   h17.1: ['    0 - Stellar Source (0.15 < CI < 0.45)']
#   h17.2: ['    1 - Extended Source (CI > 0.45)']
#   h17.3: ['    2 - Questionable Photometry (Single-Pixel Saturation)']
#   h17.4: ['    4 - Questionable Photometry (Multi-Pixel Saturation)']
#   h17.5: ['    8 - Faint Detection Limit']
#   h17.6: ['   16 - Hot pixels (CI < 0.15)']
#   h17.7: ['   32 - False Detection Swarm Around Saturated Source']
#   h17.8: ['   64 - False Detections Near Image Edge']
#   h17.9: ['  128 - Bleeding and Cosmic Rays']
#   h18: ['#=================================================================================================']
#   version: {Python: 3.8.12, astropy: 5.0.2, bottleneck: null, gwcs: null, matplotlib: 3.5.1, numpy: 1.22.3, photutils: 1.3.0, scipy: 1.8.0,
#     skimage: 0.19.2, sklearn: 1.0.2}
# schema: astropy-2.0
X-Centroid Y-Centroid RA DEC ID CI Flags MagAp1 MagErrAp1 FluxAp1 FluxErrAp1 MagAp2 MagErrAp2 FluxAp2 FluxErrAp2 MSkyAp2 Bck Area FWHM MagSegment FluxSegment FluxSegmentErr KronRadius Xmin Ymin Xmax Ymax X2 Y2 XY CXX CYY CXY Elongation Ellipticity Theta
[from data line 670]
741.7397488037175 1061.204038830138 319.60170543074554 0.2932502978072124 671 2.0262701266808136 73 30.562549300304898 1.524075511884733 0.0007123203552617585 0.000999935534743925 28.536279173624084 0.42102744581752055 0.00460450984191898 0.0017855991691855793 0.0 0.0 5.0 1.691911467975513 32.09191 0.00017415258 0.013204376362030108 4.6597112677524315 741 1060 743 1062 0.531282698393494 0.5011691732113897 -0.3100128491880122 2.945376369802316 3.122353866072634 3.643897386914175 2.0038990380926873 0.5009728629084025 -43.6097163603213
790.2307139718927 1062.4502507966492 319.60136868352146 0.2932589520670063 672 1.055535833491902 65 28.156163871733956 0.1809648289152622 0.006534758259515598 0.0010892156308702557 27.100628038242053 0.12274643031690655 0.017276026428213083 0.0019531828075192896 -0.00010855926456944444 0.0 6.0 1.9865893637709975 29.328882 0.002218922 0.04710801906474049 3.62997305892489 789 1061 791 1064 0.4764495955933356 0.9469628523444623 -0.4475855458044632 3.775057780412566 1.8993614674177142 3.568590452954159 2.4305905447561837 0.58857735122955 -58.86349195970228
218.98116227912902 1063.7736042720187 319.6053357462549 0.2932681412601116 673 2.5779818852575858 9 31.624411937921504 4.052766103843038 0.00026787383783190196 0.0009999355347439247 29.04643005266392 0.6735514246139601 0.002878213818782863 0.0017855991691855795 0.0 0.0 7.0 2.319707182703668 3.4028235e+38 0.0 0.0005330746795461018 5.453663775196156 218 1062 220 1065 0.6720485888959387 1.2687518516180158 0.719632162772753 3.789666948983147 2.0073589033204264 -4.298974963791787 3.0234878595441756 0.6692561549922145 56.25918095895267
578.0129958586687 1065.9933407661792 319.60284243698175 0.29328355673963163 674 0.8824527286981976 73 28.92133005900506 0.33613891087813913 0.003229706454499265 0.0009999355347439247 28.038877330306864 0.26628681923335085 0.007280213957138975 0.0017855991691855795 0.0 0.0 6.0 1.923776083386646 30.071997 0.0011191686 0.0334576170461666 3.3018653799123365 577 1065 579 1067 0.6784563349487757 0.6563663848164378 -0.19276774639466007 1.6081241880236634 1.6622454592249352 0.9445775494269365 1.3468992559386976 0.2575539739955772 -43.36036028448726
625.3819277004937 1067.4287454336002 319.60251348175814 0.29329352487093857 675 1.3893692083572304 65 28.202493698839415 0.19030594733168926 0.00626177697738271 0.0010975899416602911 26.813124490482185 0.0949486716845795 0.022513617270457788 0.001968903062213296 -0.0001202136956072483 0.0 11.0 3.3803915542015046 29.140898 0.0026383733 0.05136944463198949 3.863624763671522 623 1065 628 1069 2.0910206084240377 2.0304154228405453 -1.8048424911907914 2.0546935278461347 2.116023382402747 3.652846746251931 3.8888583753428128 0.7428551252109181 -44.5190584301118
696.1168774556395 1066.0007116000875 319.6020222603931 0.29328360801604203 676 1.3413333252758903 65 28.274647337066387 0.21176339766083987 0.005859170556537726 0.001142818333358002 26.933314011790497 0.11059951920985162 0.020154381282342173 0.0020531130881450465 -0.000144731439164987 0.0 5.0 1.5827425860670583 30.395586 0.00083073246 0.02882595052429125 3.895997902847635 695 1065 697 1067 0.5365574310325689 0.36695706199565215 -0.18320615414911898 2.246734897755103 3.285131776439235 2.243399583437931 1.6173541779283627 0.3817062374792388 -32.58105635384648
811.729310771157 1067.1082401221843 319.60121938575486 0.29329129921627545 677 1.205516226589907 65 28.721704793342315 0.2796846827024007 0.0038816212585608303 0.0009999355347439247 27.516188566752408 0.16454101222487674 0.01178201708966809 0.0017855991691855795 0.0 0.0 6.0 1.782048142003666 30.37425 0.00084721687 0.029111172918625174 3.897731240151126 811 1066 813 1068 0.492510826183548 0.652879240127223 -0.3473195661257801 3.2494614655111023 2.451287853353426 3.4573056607645647 2.0728852322644724 0.517580624129598 -51.499934768465295
520.1642439678857 1068.1107543058304 319.6032441696906 0.293298260934271 678 2.3538771623289563 73 30.742448175101966 1.7987302358752362 0.0006035535448389388 0.0009999355347439247 28.38857101277301 0.3674744453628069 0.005275536958959916 0.0017855991691855797 0.0 0.0 6.0 2.114230079303584 3.4028235e+38 0.0 0.0004935312530035929 4.6320144521962225 519 1067 521 1070 0.48598751001315443 1.1262129553414995 0.12866512375189718 2.12184455873245 0.9156260801676345 -0.4848237474746808 1.5800130974074573 0.36709385406941486 79.05149201783186
617.5296703680651 1069.6717560309282 319.60256801203917 0.2933091013268849 679 1.199275308445273 65 28.2033449341605 0.1957175811401397 0.006256869563631838 0.001127916898317569 27.00406962571523 0.11645774229891166 0.01888283615249317 0.0020254697121853387 -0.0001265753500649337 0.0 15.0 3.593112907257754 28.849192 0.003451578 0.058755314319695204 3.7609278940177524 615 1068 620 1073 2.30415941692434 2.3523048688687616 -1.7579548175401143 1.00971145892735 0.98904533900094 1.509181183985232 2.677241749759374 0.626481246943845 -45.39226815862952
645.8880874395724 1070.5550476761944 319.60237107600767 0.29331523531891884 680 1.2794289554336231 65 28.258905466873 0.21090461342524788 0.005944740318751673 0.0011548062621716923 26.979476511439376 0.11666180375183391 0.019315433985640236 0.002075502780707621 -0.00013680428911983558 0.0 13.0 3.244801850484511 29.93033 0.0012751571 0.03571672969557748 4.193091123236883 644 1068 648 1073 1.131499278582604 2.6659406245856787 0.9185900567619901 1.227016119954025 0.5207797359526622 -0.8455738262750052 2.100098479168011 0.52383185363947 64.93457816189958
691.302269275151 1071.481015916872 319.602055695613 0.2933216656823714 681 1.249199567878513 65 28.021836399673088 0.17122419186706825 0.007395380352897428 0.0011663148424744 26.772636831794575 0.09741584405090375 0.023369011501473143 0.002096814939717494 -0.00014412487902619228 0.0 20.0 3.8444082824318033 28.439455 0.005033996 0.07095638284668819 3.5965920160587657 689 1068 694 1075 2.4040768307006575 2.9264920068191533 -2.055018351863679 1.040563344505467 0.8548098616271289 1.4613925233710892 2.8245484258192146 0.6459611062572006 -48.62193023395975
538.5460249926648 1072.30613009155 319.6031165167661 0.293327395510844 682 1.4001356554293167 65 29.12805846639787 0.4066400513524891 0.0026697567208656954 0.0009999355347439247 27.727922810968554 0.19997138860353436 0.00969451195754971 0.0017855991691855795 0.0 0.0 10.0 2.7580281273593057 29.276289 0.0023290487 0.04826442312281544 3.0922131470717544 537 1070 541 1074 1.2957775546371875 1.4477664446185474 -1.1473426349755982 2.587200009915295 2.3155915200732786 4.100668153511754 3.370907816076466 0.7033440086285303 -46.89473055466167
807.8894276453435 1073.2367030462226 319.60124605195944 0.29333385798647954 683 1.1421729329255754 73 29.097553962963506 0.39537422184221926 0.002745829014883824 0.000999935534743925 27.95538103003793 0.24657619695076244 0.007862174216158821 0.0017855991691855795 0.0 0.0 10.0 2.650018776725696 29.752523 0.0015020547 0.038761587387448726 3.7756727815810107 807 1071 809 1075 0.7038220549578769 1.8290453193729563 -0.2439574065835037 1.4896844479913514 0.5732349867544599 0.3973871513302228 1.6963455063278945 0.4104974509793612 -78.27883664460111
1102.1980933425673 1072.899155876192 319.5992022149979 0.29333151373011784 684 0.9364509250068593 73 29.019189791948723 0.3678431574257225 0.00295133941778079 0.0009999355347439247 28.082738866941863 0.2772645109785649 0.006991969549736776 0.0017855991691855795 0.0 0.0 5.0 2.4913825168331383 29.810568 0.0014238637 0.037736807529908364 3.610706897249942 1102 1071 1103 1075 0.1588523701977987 2.0798449149039135 -0.17811679300389618 6.963858888328792 0.5318788349106993 1.1927622134058073 3.83571626820305 0.7392924997373493 -84.74713577623558
387.07335222060215 1073.956278959123 319.60416842411263 0.29333885464869 685 1.2070300068876207 73 29.50061129790136 0.5731011555627019 0.0018943078364683258 0.0009999355347439247 28.29358129101374 0.3366908037429136 0.005757879325581629 0.0017855991691855795 0.0 0.0 7.0 3.539870950253435 29.701834 0.001573842 0.03967525883160765 3.5869033758998485 385 1072 389 1076 2.6835564440289073 1.835933317988696 -2.1183351935994015 4.177449155259481 6.1061153421851655 9.640042455085215 6.667380991376278 0.850016070584024 -39.34315444707111
653.5792778041429 1074.335580309941 319.6023176642662 0.29334148902317414 686 1.3252560379957927 65 28.348658812178083 0.22727508833139173 0.00547307689857056 0.0011457069499559026 27.02340277418229 0.12047730210357846 0.01854957507146636 0.0020583980471383075 -0.00013963805941411282 0.0 10.0 3.036434042139643 29.307253 0.0022635753 0.04758131208769133 3.6886321758711023 652 1072 656 1076 1.6660219594506698 1.6593654729905731 -1.4410223227093255 2.4118895163303415 2.421564726626099 4.189055020744505 3.741882953108305 0.7327548689973531 -44.933833796955
718.0197427212968 1073.3609316269417 319.60187015517243 0.29333472066517113 687 1.8431629790763964 65 29.539508823417368 0.5940052649381493 0.0018276437502359852 0.0009999355347439247 27.69634584434097 0.19423928721926997 0.009980601997351532 0.0017855991691855793 0.0 0.0 8.0 2.4020756597810777 30.738245 0.00060589315 0.02462149286380881 3.89345279799163 717 1072 720 1075 1.016458487731985 1.064617377949076 -0.7136639704849778 1.8585447488110074 1.7744718655616591 2.4917429533522304 2.3183011173573576 0.5686496493001285 -45.96623022038857
666.7138040199295 1074.9586110421446 319.6022264510836 0.293345815634199 688 1.2507588859922834 65 28.14555061715001 0.18513637783429204 0.006598949854719744 0.00112527003188076 26.894791731157728 0.1050508616892559 0.020882302496957023 0.0020205433097181865 -0.00013240661924379514 0.0 8.0 2.569679555940197 29.308073 0.002261858 0.047562407243503434 3.5944978885960284 665 1073 668 1077 0.9817054324624631 1.3999146640380729 0.7669659440077743 1.7809099439068168 1.2488825294655204 -1.9514007695031568 2.23974805119016 0.5535212099108118 52.62519816563923
832.0097492237322 1075.1652257712694 319.60107854753096 0.2933472505047756 689 1.2145610866187013 65 28.134844688175722 0.1880455826724557 0.006664340829478904 0.0011542782116673088 26.92028360155702 0.11040277309627342 0.02039772039918076 0.0020742054867016494 -0.00014825510149179757 0.0 11.0 2.988420423222649 29.50743 0.0018824474 0.043392326791373656 3.7183807089582777 831 1073 833 1078 0.580761343923901 2.6402921626054705 -0.4997496324826633 2.0568951392024393 0.452436742521304 0.778650639069746 2.431787459083331 0.5887798515183753 -77.05624961268332
1009.8982550273985 1074.0039494041996 319.5998431944957 0.29333918600363346 690 1.166296110405355 73 29.243619537661818 0.4523083237303536 0.002400199052535421 0.0009999355347439247 28.077323427256463 0.27588501305770935 0.007026931243921047 0.0017855991691855795 0.0 0.0 5.0 2.3041879401639074 30.775908 0.00058523857 0.024195899156598154 4.122221664654073 1009 1073 1011 1076 0.5140252556877368 1.4008934702702163 -0.7186595142464607 6.879834781439123 2.524395257504124 7.058721918621341 3.993197098886934 0.7495740943318975 -60.83790460399609
741.8576757133899 1075.1272287092422 319.60170461180223 0.2933469866257492 691 1.5919328546052398 73 29.56950871451686 0.6106470322807938 0.0017778355624141874 0.000999935534743925 27.97757585991162 0.2516686282443131 0.007703085726294098 0.0017855991691855795 0.0 0.0 5.0 1.7556134488398232 34.152718 2.6098163e-05 0.0051284637924571335 4.82441901214665 741 1074 743 1076 0.5613437290097322 0.550317209745505 -0.34436913235948424 2.8914298307972865 2.9493644295447816 3.6187099530122397 2.0635257259815156 0.515392520961012 -44.54139396612786
662.4261641747802 1075.8752124711789 319.60225622675114 0.2933521809191217 692 1.2725685238875428 65 28.182818731180173 0.19416159713128744 0.00637628297596134 0.0011403051362012453 26.91025020729263 0.10802497105424229 0.02058709137492231 0.0020483742745390286 -0.00014789693802835633 0.0 5.0 1.5021480441677002 30.85304 0.0005451049 0.023351827978440463 4.053958348574424 662 1075 663 1077 0.24454827091410478 0.5692935832697421 -0.16168851437901957 5.034584122776241 2.16267823523521 2.859805384253506 1.8915451768270972 0.47133168572932893 -67.560479907786
684.5163420391533 1075.6878650550061 319.6021028207275 0.2933508799087757 693 1.1973063733085993 65 27.98240695978907 0.16626569278046507 0.007668886162599576 0.0011744244917372578 26.78510058648047 0.0992465843748569 0.023102279853270916 0.002111837861940875 -0.00014686299592223635 0.0 6.0 1.7728299378749568 29.269457 0.0023437478 0.048414785643341944 3.454852021828858 683 1075 686 1076 0.9188642133102815 0.21470672110756195 0.03197946601420249 1.0939709736059828 4.681785334252122 -0.32588274265927836 2.0773798378681603 0.5186243835762767 2.594979610465487
603.555013516886 1080.1020824835289 319.60266505954826 0.2933815341371249 694 1.127770117267147 65 28.334679318095144 0.21043036369827803 0.00554400161098847 0.001074538339637232 27.206909200827997 0.13348358476090819 0.01566503590740325 0.0019259695572704538 -0.00010247712083303706 0.0 5.0 1.431002011207422 29.663557 0.001630312 0.04037963440766843 3.6312158667239007 603 1079 604 1081 0.24697351295983982 0.491602223013521 -0.1046295648191808 4.450283096756927 2.2357548412502264 1.894341245576616 1.5953864407278298 0.37319261686604854 -69.7279078668375
725.0549526545984 1081.9963389405007 319.601821298911 0.293394688774256 695 0.9391293587275271 65 28.597772518822527 0.24951449064911901 0.004350969786352616 0.0009999355347439247 27.658643160095 0.1876100080178598 0.010333270801844612 0.0017855991691855797 0.0 0.0 15.0 4.046613461210688 28.90948 0.0032651455 0.05714677943977678 3.6442566390717106 723 1079 728 1085 1.6638094455778498 4.2422524139045965 -0.5541738631504435 0.6283709696786227 0.24644680529886948 0.16417069697080217 1.676597771830112 0.4035540206471603 -78.36973674895313
747.9488430218887 1081.1761175278793 319.60166231147656 0.293388992799867 696 1.1646170468335129 73 29.15351189168428 0.416285727929789 0.0026078963011063935 0.0009999355347439247 27.988894844850766 0.2543060404256157 0.007623196895914196 0.0017855991691855795 0.0 0.0 6.0 1.810644000449255 29.541323 0.0018245948 0.04271812708517863 3.367604213773998 747 1080 749 1082 0.6953141900956519 0.4871300974633282 -0.36342769173237266 2.3575132785514956 3.3650403546235004 3.517687014265786 2.132289647483182 0.5310205622485031 -37.00868066264505
679.0882462959793 1084.6077812913154 319.602140516336 0.2934128237683764 697 0.9621911047699498 65 27.841493493942156 0.14720688593237674 0.008731677310453257 0.0011839025751480285 26.879302389172206 0.10914663631920551 0.021182349008915472 0.0021294852571268124 -0.00015090084662552835 0.0 18.0 4.075617166273702 28.615774 0.0042794095 0.06542277791263545 3.551153623895173 676 1082 682 1087 3.4274453384049197 2.5635821633611173 -2.5910880515057197 1.2367722950967377 1.6535336756829146 2.5000844225385963 3.9051671166299893 0.7439290124764335 -40.26793980050285
543.092022790074 1085.7961691671728 319.6030849469389 0.29342107634298326 698 1.1968510617605972 65 28.849651119442118 0.3146641113300903 0.003450123388658794 0.0009999355347439247 27.65280005768152 0.18660305992425888 0.010389031234384156 0.0017855991691855795 0.0 0.0 11.0 3.0673181337358 29.28179 0.002317287 0.04814284672080365 3.7821866816793004 541 1083 545 1088 1.123867283993416 2.2695103410674147 -0.6954299628709338 1.09797010338032 0.543717583331935 0.6728863882312575 1.8068051492938946 0.4465368883906473 -64.73904031578823
