Test9/data/HST/hst_16231_03_acs_sbc_f150lp_jec403/hst_16231_03_acs_sbc_f150lp_jec403_segment-cat.ecsv
# %ECSV 1.0
# ---
# datatype:
# - {name: X-Centroid, unit: pix, datatype: float64, format: 10.3f, description: Pixel Coordinate}
# - {name: Y-Centroid, unit: pix, datatype: float64, format: 10.3f, description: Pixel Coordinate}
# - {name: RA, unit: deg, datatype: float64, format: 13.7f, description: Sky coordinate at epoch of observation}
# - {name: DEC, unit: deg, datatype: float64, format: 13.7f, description: Sky coordinate at epoch of observation}
# - {name: ID, unit: '', datatype: int64, format: 7d, description: Catalog Object Identification Number}
# - {name: CI, unit: mag(AB), datatype: float64, format: 7.3f, description: Concentration Index}
# - {name: Flags, unit: '', datatype: int64, format: 5d, description: Numeric encoding for conditions on detected sources}
# - {name: MagAp1, unit: mag(AB), datatype: float64, format: 7.3f, description: ABMAG of source based on the inner (smaller) aperture}
# - {name: MagErrAp1, unit: mag(AB), datatype: float64, format: 7.3f, description: Error of MagAp1}
# - {name: FluxAp1, unit: electron / s, datatype: float64, format: 10.4f, description: Flux of source based on the inner (smaller) aperture}
# - {name: FluxErrAp1, unit: electron / s, datatype: float64, format: 10.4f, description: Error of FluxAp1}
# - {name: MagAp2, unit: mag(AB), datatype: float64, format: 7.3f, description: ABMAG of source based on the outer (larger) aperture}
# - {name: MagErrAp2, unit: mag(AB), datatype: float64, format: 7.3f, description: Error of MagAp2}
# - {name: FluxAp2, unit: electron / s, datatype: float64, format: 10.4f, description: Flux of source based on the outer (larger) aperture}
# - {name: FluxErrAp2, unit: electron / s, datatype: float64, format: 10.4f, description: Error of FluxAp2}
# - {name: MSkyAp2, unit: electron / (pix s), datatype: float64, format: 7.3f, description: Sky estimate from an annulus outside Aperture
#     2}
# - {name: Bck, unit: electron / s, datatype: float32, format: 10.4f, description: Background at the position of the source centroid}
# - {name: Area, unit: pix2, datatype: float64, format: 8.3f, description: Total unmasked area of the source segment}
# - {name: FWHM, unit: pix, datatype: float64, format: 8.3f, description: Circularized FWHM of 2D Gaussian function having the same second-order
#     central moments as the source}
# - {name: MagSegment, unit: mag(AB), datatype: float32, format: 7.3f, description: Magnitude corresponding to FluxSegment}
# - {name: FluxSegment, unit: electron / s, datatype: float32, format: 10.4f, description: Sum of unmasked data values in the source segment}
# - {name: FluxSegmentErr, unit: electron / s, datatype: float64, format: 10.4f, description: 'Uncertainty of FluxSegment, propagated
#     from the input error array'}
# - {name: KronRadius, unit: pix, datatype: float64, format: 8.4f, description: The unscaled first-moment Kron radius}
# - {name: Xmin, unit: pix, datatype: int64, format: 8.0f, description: Minimum X pixel within the minimal bounding box containing the
#     source segment}
# - {name: Ymin, unit: pix, datatype: int64, format: 8.0f, description: Minimum Y pixel within the minimal bounding box containing the
#     source segment}
# - {name: Xmax, unit: pix, datatype: int64, format: 8.0f, description: Maximum X pixel within the minimal bounding box containing the
[...]
#   h12.1: [and an undistorted a priori solution based on GSC240).]
#   h13: [Magnitude values in this table are in the ABMAG system.]
#   h14: ['Column titles in this table ending with Ap1 refer to the inner photometric aperture ']
#   h14.1: ['(radius = 2.8000000000000185 pixels, 0.07 arcsec.']
#   h15: ['Column titles in this table ending with Ap2 refer to the outer photometric aperture ']
#   h15.1: ['(radius = 5.000000000000032 pixels, 0.125 arcsec.']
#   h16: [CI = Concentration Index (CI) = MagAp1 - MagAp2.]
#   h17: ['Flag Value Identification:']
#   h17.1: ['    0 - Stellar Source (0.15 < CI < 0.45)']
#   h17.2: ['    1 - Extended Source (CI > 0.45)']
#   h17.3: ['    2 - Questionable Photometry (Single-Pixel Saturation)']
#   h17.4: ['    4 - Questionable Photometry (Multi-Pixel Saturation)']
#   h17.5: ['    8 - Faint Detection Limit']
#   h17.6: ['   16 - Hot pixels (CI < 0.15)']
#   h17.7: ['   32 - False Detection Swarm Around Saturated Source']
#   h17.8: ['   64 - False Detections Near Image Edge']
#   h17.9: ['  128 - Bleeding and Cosmic Rays']
#   h18: ['#=================================================================================================']
#   version: {Python: 3.8.12, astropy: 5.0.2, bottleneck: null, gwcs: null, matplotlib: 3.5.1, numpy: 1.22.3, photutils: 1.3.0, scipy: 1.8.0,
#     skimage: 0.19.2, sklearn: 1.0.2}
# schema: astropy-2.0
X-Centroid Y-Centroid RA DEC ID CI Flags MagAp1 MagErrAp1 FluxAp1 FluxErrAp1 MagAp2 MagErrAp2 FluxAp2 FluxErrAp2 MSkyAp2 Bck Area FWHM MagSegment FluxSegment FluxSegmentErr KronRadius Xmin Ymin Xmax Ymax X2 Y2 XY CXX CYY CXY Elongation Ellipticity Theta
985.8043917137669 96.94839164950157 319.6007410424555 0.28503784005231203 1 0.06771110450964812 8 28.495222299352694 0.2541537901647404 0.0047806334883825005 0.0011191085202734612 28.427511194843046 0.42640679999780756 0.005088266987513634 0.001998408071916895 0.0 0.0 6.0 2.6782442332146377 28.85251 0.003440085 0.05865484050722724 1.7864620990718092 985 94 986 99 0.15734568459002837 2.4297643743995003 -0.4013115934624422 10.981393059674012 0.7111285468384656 3.627479597320484 5.31172263634339 0.8117371578933941 -80.27333471415022
1468.531091361787 596.4834514330837 319.59738873122654 0.28850683301664615 2 0.7578672538136928 9 28.58965330620295 0.2772483648199883 0.004382410411148076 0.0011191085202734612 27.83178605238926 0.24633950526573126 0.008807647970794232 0.0019984080719168944 0.0 0.0 8.0 1.995247927777975 29.335524 0.0022047795 0.046959412148345876 3.465157096331638 1467 595 1470 597 1.1056971017441457 0.3301502929196834 -0.29018582727042636 1.175588110101054 3.937129222841034 2.0665679575328513 2.2686528696897756 0.559209778913094 -18.40446431658756
251.1508905342902 697.9474437994324 319.6058428678707 0.28921144339611976 3 0.8716166860940788 9 29.418535178646042 0.5948695546902872 0.00204249168726324 0.0011191085202734612 28.546918492551963 0.4759781765832475 0.0045583426938917695 0.0019984080719168944 0.0 0.0 5.0 1.4318671172817765 29.98062 0.0012171043 0.03489066583827008 2.3146161980557376 249 697 252 698 0.6896749650864138 0.04979404634943162 0.06048643375142286 1.6228493459963986 22.477357196205276 -3.9426548614389336 3.9696216012393823 0.7480868202430722 5.352857822092265
1597.2186464552442 793.811475917151 319.5964950558126 0.28987716621867426 4 1.7589477278600683 9 30.25083190368382 1.2803845717947027 0.0009489462363310271 0.0011191085202734612 28.491884175823753 0.45245283548971776 0.004795354285561726 0.0019984080719168944 0.0 0.0 6.0 1.5338338707930472 3.4028235e+38 0.0 0.0005523506376828596 4.703217604576213 1596 793 1598 795 0.4095613744745113 0.4389764285976452 -0.1088956382412819 2.614051442212941 2.438888359085697 1.2969206620259457 1.3034739152718553 0.23281932359080781 -48.84593320648428
1727.1230946172955 991.8162075760555 319.59559292942583 0.29125219870014873 5 1.674762796737177 9 30.910015789059837 2.349708492517566 0.0005170922794593482 0.0011191085202734612 29.23525299232266 0.8972652344515684 0.0024180939597044926 0.0019984080719168944 0.0 0.0 5.0 1.5600358297073709 3.4028235e+38 0.0 0.0005042248398521087 4.906126486441041 1725 991 1728 992 0.7277632137408436 0.15001276884511264 -0.1611685658572425 1.8030712849084147 8.747315065317068 3.8743157047798507 2.6684143016156066 0.62524560020738 -14.57895807226508
1026.6597200126278 996.2997949144283 319.6004573212498 0.29128333588112276 6 0.5347088649625462 73 28.943315611391544 0.3840023794725347 0.0031640848739787546 0.0011191085202734612 28.408606746428998 0.41904662045826563 0.005177637851624813 0.0019984080719168944 0.0 0.0 15.0 3.7800916053769216 29.438654 0.0020049915 0.044785648363945704 3.795730253891869 1025 994 1029 1000 1.3531781245127348 3.8005226138708172 0.7339764233751777 0.8254715202677461 0.2939095795819813 -0.31883858911030505 1.8659428471414945 0.4640779048876357 74.52202837486416
1023.9966669141764 1006.1419085778332 319.60047581491165 0.2913516838930633 7 1.1355988863466138 65 28.134243853341975 0.20395653651407775 0.006666176799713163 0.0012522891515704113 26.99864496699536 0.12868133957718933 0.018972142690023786 0.002248651318045354 -0.00014456643288192055 0.0 13.0 3.1479141343650285 29.278776 0.0023230747 0.048205142947856314 3.626810759896074 1022 1003 1026 1008 1.4827710109380272 2.091276346987472 0.7760053643909534 0.836945878667836 0.5934170720193953 -0.6211273727517861 1.657807960640568 0.3967938242897534 55.7044637468042
1013.1925368599605 1005.3298783818951 319.6005508445627 0.2913460447957827 8 1.2010985496831097 65 28.149167891391446 0.2063558753798769 0.006575173431478124 0.0012497242969763077 26.948069341708337 0.12256339308152607 0.019876807532049103 0.0022438693697673135 -0.0001402875578988179 0.0 5.0 2.1718582204546166 29.958788 0.0012418234 0.03524312228230651 3.244915020607446 1013 1004 1014 1007 0.1554664175170517 1.5458202146906217 -0.2560506077794376 8.84532758365205 0.8895933551175367 2.930290964341687 3.8069530487287353 0.73732273889379 -79.89000856630578
977.920426855627 1005.7809306756776 319.6007957929379 0.2913491771041404 9 1.7026374688355403 73 30.080656397282777 1.0946372674962066 0.001109971454964288 0.0011191085202734612 28.378018928447236 0.4074058073105155 0.005325578587117434 0.0019984080719168944 0.0 0.0 5.0 2.0555629429561755 33.21575 6.184092e-05 0.007880048243075127 4.339627662535892 976 1005 979 1006 1.352890954372434 0.17107795546331572 -0.23650135929436175 0.9747091625776745 7.708036991814706 2.694912284192215 3.3380366435236013 0.7004227014882589 -10.906503614541508
1008.0829765362782 1010.5945968850376 319.60058632807886 0.29138260534137705 10 1.2334949877725734 65 27.91702297973634 0.17062128331417506 0.008142638929785609 0.0012796421698111646 26.683527991963768 0.09852523795014814 0.025360813034492342 0.00230144619953263 -0.00015720784885639734 0.0 9.0 2.2878661620365848 29.273443 0.0023345184 0.04832158726932728 3.9602562773579044 1006 1009 1010 1012 1.2081601866410296 0.6797258649056128 -0.17852034481201143 0.8611229525751485 1.530579489201184 0.4523234272999149 1.4213659066057902 0.2964513955537378 -17.0226140490353
987.0161666949398 1012.330981847812 319.6007326272613 0.29139466357092303 11 1.3164808857800168 65 28.36836674388358 0.25307050208865467 0.005373134000639818 0.001252447010529189 27.051885858103564 0.13516421132712275 0.01806425377900448 0.002248909104957297 -0.0001421925078893986 0.0 12.0 3.589663380864241 29.788523 0.0014526608 0.03812179064635436 3.88784370255475 985 1010 991 1014 3.699705556728894 0.9478222516898933 -1.062292218881898 0.398546317496742 1.5556756795143907 0.893358751993811 2.634040787161972 0.6203551574167374 -18.834921667458804
1031.582861220131 1013.7881945266502 319.6004231323243 0.2914047830998383 12 1.452766929337308 65 28.359347975858274 0.25630604139312246 0.005417952320342314 0.0012790401691845084 26.906581046520966 0.1209067803308092 0.020651041075749863 0.002299761340101507 -0.00014502135957709727 0.0 5.0 1.4577457630652957 31.856394 0.00021627994 0.014715100224209833 4.732074021746116 1031 1013 1032 1015 0.24313401819840316 0.5233059130793101 0.11283091783554347 4.570251410405798 2.1233920003890243 -1.970800055901991 1.6640776858656245 0.3990665168496522 70.57530912228336
1054.8896981708285 1027.4940111408262 319.60026127719277 0.2914999623766139 13 1.0756928443470528 73 29.05822774132074 0.4268730798088101 0.002846317038790743 0.0011191085202734612 27.982534896973686 0.28303073729711353 0.007665851647068793 0.0019984080719168944 0.0 0.0 6.0 1.475910077220354 30.547003 0.0007223897 0.026882983404794815 4.034209347268181 1054 1027 1056 1028 0.5356953256131634 0.2499641335657969 -0.04106218957169613 1.8905380573415909 4.051590865315479 0.6211261671477557 1.4891405416697245 0.328471711018805 -8.017810288284752
973.0661046892509 1039.2087524475482 319.6008295039468 0.29158131475500176 14 0.972339495842661 65 27.896950105820455 0.16220678852233592 0.008294578598012355 0.0012392345551530657 26.924610609977794 0.11887618274584673 0.020310944766298487 0.0022238994029467607 -0.00013206705286273918 0.0 27.0 3.770971071673882 28.247015 0.006008526 0.07752353318908488 3.3842475043932096 971 1035 976 1042 2.0222779998260503 3.106583237088215 -0.44402197562040313 0.5105129367722175 0.33232622526757255 0.14593458179980326 1.3236475332037867 0.24451186972745131 -70.3412941242988
1059.3564316124068 1036.3728276492327 319.6002302578065 0.2915616208233174 15 0.714872417623269 73 28.935712687467596 0.38132277593201136 0.003186319299945331 0.0011191085202734612 28.220840269844327 0.3524972651433218 0.006155144615939094 0.0019984080719168944 0.0 0.0 9.0 2.142141698756696 29.523977 0.0018534542 0.04305707583910994 3.3444817713218478 1058 1035 1061 1037 1.2509472335334564 0.4041020785928932 -0.006298130382548398 0.7994569614640572 2.4748164566607924 0.024919862803324623 1.759572855430546 0.43168025301497837 -0.42608696348983865
977.6802685076769 1041.4212164503665 319.6007974607277 0.29159667908864195 16 1.4397483788804095 65 28.584077986953726 0.30965184378607497 0.004404972224823483 0.0012563394779801418 27.144329608073317 0.14765575014169427 0.016589852544420896 0.0022562283523869966 -0.00014135970380328505 0.0 5.0 1.4185228610456497 30.794374 0.0005752078 0.023988790641996258 3.5855171052928005 977 1041 979 1042 0.48195715143196 0.243793152307144 -0.058745333429503305 2.137658127061947 4.2259579971966446 1.030196609249568 1.4677136236090027 0.31866817619293364 -13.128984145614865
1027.9666727701083 1052.1915861435118 319.60044824506275 0.29167147331999566 17 1.1740624602430927 65 28.02258717872805 0.21594916302510528 0.007388214532946377 0.0014695392324211927 26.848524718484956 0.13229283307376566 0.021785346995403593 0.0026545503117960667 -0.00013768598844699317 0.0 6.0 1.7022581458450163 29.466593 0.0019540598 0.04420819762323731 2.948383621218972 1027 1051 1029 1053 0.5907445720093176 0.45437357762914643 0.28792691702640444 2.449231232127904 3.1843182068922333 -3.104051962840779 1.900204196086667 0.4737407684608699 38.3384616926086
1033.6798492285516 1053.1803324568064 319.60040856971193 0.29167833961285566 18 1.0257040440900553 65 27.890233773939766 0.17257309627823716 0.008346047643464216 0.0013266125849850827 26.86452972984971 0.12074275901151846 0.021466561114205376 0.002387337031793804 -0.0001675665757481486 0.0 7.0 2.1270448055257707 28.997015 0.003011395 0.0548794207443328 3.0106767385566107 1033 1052 1035 1055 0.4638459568482708 1.1679574074311891 -0.08549301660617224 2.1853721119170877 0.8679049525882897 0.3199329925321796 1.6116259638717425 0.3795086313963215 -83.17526922880728
1014.6463149549644 1066.950052111674 319.6005407487446 0.29177396266874916 19 1.2232086655324395 73 29.42008192439287 0.5957176130484807 0.0020395840140486434 0.0011191085202734612 28.196873258860432 0.3448013419945435 0.006292526679651113 0.0019984080719168944 0.0 0.0 7.0 2.6475207246142203 30.705366 0.00062434823 0.024994082209832316 4.06932902601423 1012 1066 1016 1068 1.9899380687311436 0.5381563186684515 -0.8085740033057942 1.2902152986532025 4.770822994333528 3.8770688477268234 3.639696460506123 0.7252518140315075 -24.04217191190269
1006.5519837889876 1074.6079827665826 319.60059696010603 0.29182714274343297 20 0.995746966566422 73 28.906179593497672 0.371090219624654 0.0032741798522468394 0.0011191085202734612 27.91043262693125 0.26484555883215644 0.00819221456175213 0.0019984080719168944 0.0 0.0 11.0 3.168247425274392 28.951921 0.0031391 0.05603266620890375 2.7013760675009073 1006 1071 1007 1078 0.24729768568249436 3.3730704083090965 -0.5267636427606158 6.059343657951635 0.44424262822237104 1.8925439149674264 4.636686553726095 0.7843287467434286 -80.68692408296228
1826.7327594308945 1145.5850742321245 319.5949011861613 0.2923200377111858 21 0.7030371624867655 9 28.455846844461906 0.24510174809976987 0.00495719075804518 0.0011191085202734612 27.75280968197514 0.2290569727440014 0.00947219208255686 0.0019984080719168944 0.0 0.0 20.0 3.6891802948336294 28.716494 0.0038992192 0.06245187131058852 1.9453603861319364 1824 1143 1830 1148 2.6896968093026485 2.2190915510547193 0.13924820477304015 0.373000859286888 0.45210357392161066 -0.04681167841841757 1.1183603638061963 0.10583383284737657 15.308172449404696
1753.6764140295966 1271.7820099947205 319.5954085280793 0.29319640556714893 22 0.0 25 29.175572123191674 0.47559416776421853 0.0025547330114932265 0.0011191085202734612 29.175572123191674 0.8492752995789616 0.0025547330114932265 0.0019984080719168944 0.0 0.0 5.0 1.038991400309876 29.954233 0.0012470377 0.03531702053647885 2.098870448070836 1753 1270 1754 1272 0.21887809016146076 0.17047036287769818 0.00032619715338708615 4.568766343883028 5.866139045298543 -0.017484782113528767 1.1331350751028466 0.1174926785235757 0.38606622957751807
447.1311807329664 1284.5645689810774 319.604481877668 0.2932851739556482 23 0.929623264045091 9 30.054421761696663 1.0685045493867258 0.0011371183409169968 0.0011191085202734612 29.12479849765157 0.8104739173975395 0.0026770406759628555 0.0019984080719168944 0.0 0.0 5.0 2.025953038087342 3.4028235e+38 0.0 0.0005042248398521087 5.097848756255848 446 1284 449 1285 1.2345494490359523 0.24583084668262917 -0.4246586448561248 1.9961033232662269 10.024324820141802 6.896307307970888 3.966262368832885 0.7478734619630671 -20.331422836820217
1728.371907964882 1295.5371534817516 319.5955842560401 0.29336137192229234 24 3.2567209812483426 9 31.739568561856924 5.044697108890852 0.00024085016290066922 0.0011191085202734612 28.48284758060858 0.448702693101047 0.004835432630647409 0.0019984080719168944 0.0 0.0 6.0 1.5706671973943322 3.4028235e+38 0.0 0.0005523506376828596 5.563098826497187 1727 1294 1729 1296 0.5938967270916972 0.2958837964969773 0.1168582626616579 1.825670492524921 3.664478227923217 -1.442084253851968 1.5754843801491087 0.36527457041157285 19.05265122994833
1722.9177998953335 1298.4404181241844 319.5956221322777 0.29338153349947815 25 0.6520140116649031 9 28.98044136571644 0.3973600642540551 0.0030577207670372916 0.0011191085202734612 28.328427354051538 0.3892159108093077 0.005574468009719112 0.0019984080719168944 0.0 0.0 11.0 3.825059756443908 29.640436 0.001664944 0.04081057790328379 3.0696495988532795 1722 1296 1724 1302 0.54169942467927 4.735347987007271 -1.1938421424719563 4.154265092788789 0.4752265339112036 2.094687339717917 4.731318503554796 0.7886424261548516 -75.17233136001262
1671.48953708963 1341.5830191572268 319.5959792775451 0.2936811350506704 26 0.46911568347702115 9 29.641211527718337 0.7302848346335318 0.0016637564725969023 0.0011191085202734612 29.172095844241316 0.8465604628156189 0.0025629257908690306 0.0019984080719168944 0.0 0.0 13.0 2.998099460153337 29.744764 0.0015124051 0.03889815109238436 2.440732285273804 1670 1339 1674 1344 1.699881860347498 1.542070435307253 -0.299741188232124 0.6091545854785255 0.6714938606524329 0.23680983058598087 1.21360680331016 0.17600989276554735 -37.625854172098045
1623.7453667599525 1378.8478799230074 319.5963108385356 0.2939399189400587 27 1.517260022776476 9 29.926073536205866 0.9493734571161472 0.001279808395056331 0.0011191085202734612 28.40881351342939 0.4191264310634518 0.005176651919028474 0.001998408071916895 0.0 0.0 5.0 1.5983416106485997 3.4028235e+38 0.0 0.0005042248398521087 5.192727771349974 1623 1378 1625 1380 0.4629864556732235 0.4584253223661098 -0.34005336096118677 4.745189805004502 4.7924023873210135 7.039828137163266 2.5763128898905823 0.6118483884764204 -44.807875909790134
1542.8084766111772 1450.2941523876304 319.596872907497 0.29443607381468545 28 -9999.0 24 -9999.0 -9999.0 -9999.0 -9999.0 -9999.0 -9999.0 -9999.0 -9999.0 -9999.0 -9999.0 11.0 -9999.0 3.4028235e+38 0.0 0.0007478862988934523 -9999.0 1541 1448 1546 1453 -9999.0 -9999.0 -9999.0 -9999.0 -9999.0 -9999.0 -9999.0 -9999.0 -9999.0
1537.2043507724543 1454.2777196720879 319.5969118255419 0.29446373748955973 29 -9999.0 24 -9999.0 -9999.0 -9999.0 -9999.0 -9999.0 -9999.0 -9999.0 -9999.0 -9999.0 -9999.0 15.0 -9999.0 3.4028235e+38 0.0 0.0008733430410621328 -9999.0 1534 1452 1539 1456 -9999.0 -9999.0 -9999.0 -9999.0 -9999.0 -9999.0 -9999.0 -9999.0 -9999.0
