Test9/data/HST/hst_16231_03_acs_sbc_f150lp_jec403/hst_16231_03_acs_sbc_f150lp_jec403_segment-cat.ecsv
# %ECSV 1.0
# ---
# datatype:
# - {name: X-Centroid, unit: pix, datatype: float64, format: 10.3f, description: Pixel Coordinate}
# - {name: Y-Centroid, unit: pix, datatype: float64, format: 10.3f, description: Pixel Coordinate}
# - {name: RA, unit: deg, datatype: float64, format: 13.7f, description: Sky coordinate at epoch of observation}
# - {name: DEC, unit: deg, datatype: float64, format: 13.7f, description: Sky coordinate at epoch of observation}
# - {name: ID, unit: '', datatype: int64, format: 7d, description: Catalog Object Identification Number}
# - {name: CI, unit: mag(AB), datatype: float64, format: 7.3f, description: Concentration Index}
# - {name: Flags, unit: '', datatype: int64, format: 5d, description: Numeric encoding for conditions on detected sources}
# - {name: MagAp1, unit: mag(AB), datatype: float64, format: 7.3f, description: ABMAG of source based on the inner (smaller) aperture}
# - {name: MagErrAp1, unit: mag(AB), datatype: float64, format: 7.3f, description: Error of MagAp1}
# - {name: FluxAp1, unit: electron / s, datatype: float64, format: 10.4f, description: Flux of source based on the inner (smaller) aperture}
# - {name: FluxErrAp1, unit: electron / s, datatype: float64, format: 10.4f, description: Error of FluxAp1}
# - {name: MagAp2, unit: mag(AB), datatype: float64, format: 7.3f, description: ABMAG of source based on the outer (larger) aperture}
# - {name: MagErrAp2, unit: mag(AB), datatype: float64, format: 7.3f, description: Error of MagAp2}
# - {name: FluxAp2, unit: electron / s, datatype: float64, format: 10.4f, description: Flux of source based on the outer (larger) aperture}
# - {name: FluxErrAp2, unit: electron / s, datatype: float64, format: 10.4f, description: Error of FluxAp2}
# - {name: MSkyAp2, unit: electron / (pix s), datatype: float64, format: 7.3f, description: Sky estimate from an annulus outside Aperture
#     2}
# - {name: Bck, unit: electron / s, datatype: float32, format: 10.4f, description: Background at the position of the source centroid}
# - {name: Area, unit: pix2, datatype: float64, format: 8.3f, description: Total unmasked area of the source segment}
# - {name: FWHM, unit: pix, datatype: float64, format: 8.3f, description: Circularized FWHM of 2D Gaussian function having the same second-order
#     central moments as the source}
# - {name: MagSegment, unit: mag(AB), datatype: float32, format: 7.3f, description: Magnitude corresponding to FluxSegment}
# - {name: FluxSegment, unit: electron / s, datatype: float32, format: 10.4f, description: Sum of unmasked data values in the source segment}
# - {name: FluxSegmentErr, unit: electron / s, datatype: float64, format: 10.4f, description: 'Uncertainty of FluxSegment, propagated
#     from the input error array'}
# - {name: KronRadius, unit: pix, datatype: float64, format: 8.4f, description: The unscaled first-moment Kron radius}
# - {name: Xmin, unit: pix, datatype: int64, format: 8.0f, description: Minimum X pixel within the minimal bounding box containing the
#     source segment}
# - {name: Ymin, unit: pix, datatype: int64, format: 8.0f, description: Minimum Y pixel within the minimal bounding box containing the
#     source segment}
# - {name: Xmax, unit: pix, datatype: int64, format: 8.0f, description: Maximum X pixel within the minimal bounding box containing the
[...]
#   h12.1: [and an undistorted a priori solution based on GSC240).]
#   h13: [Magnitude values in this table are in the ABMAG system.]
#   h14: ['Column titles in this table ending with Ap1 refer to the inner photometric aperture ']
#   h14.1: ['(radius = 2.8000000000000185 pixels, 0.07 arcsec.']
#   h15: ['Column titles in this table ending with Ap2 refer to the outer photometric aperture ']
#   h15.1: ['(radius = 5.000000000000032 pixels, 0.125 arcsec.']
#   h16: [CI = Concentration Index (CI) = MagAp1 - MagAp2.]
#   h17: ['Flag Value Identification:']
#   h17.1: ['    0 - Stellar Source (0.15 < CI < 0.45)']
#   h17.2: ['    1 - Extended Source (CI > 0.45)']
#   h17.3: ['    2 - Questionable Photometry (Single-Pixel Saturation)']
#   h17.4: ['    4 - Questionable Photometry (Multi-Pixel Saturation)']
#   h17.5: ['    8 - Faint Detection Limit']
#   h17.6: ['   16 - Hot pixels (CI < 0.15)']
#   h17.7: ['   32 - False Detection Swarm Around Saturated Source']
#   h17.8: ['   64 - False Detections Near Image Edge']
#   h17.9: ['  128 - Bleeding and Cosmic Rays']
#   h18: ['#=================================================================================================']
#   version: {Python: 3.8.12, astropy: 5.0.2, bottleneck: null, gwcs: null, matplotlib: 3.5.1, numpy: 1.22.3, photutils: 1.3.0, scipy: 1.8.0,
#     skimage: 0.19.2, sklearn: 1.0.2}
# schema: astropy-2.0
X-Centroid Y-Centroid RA DEC ID CI Flags MagAp1 MagErrAp1 FluxAp1 FluxErrAp1 MagAp2 MagErrAp2 FluxAp2 FluxErrAp2 MSkyAp2 Bck Area FWHM MagSegment FluxSegment FluxSegmentErr KronRadius Xmin Ymin Xmax Ymax X2 Y2 XY CXX CYY CXY Elongation Ellipticity Theta
[from data line 30]
595.809257011174 1512.4062302298973 319.6034493778892 0.2948674080090871 31 4.714840422307926 9 33.19952957820918 19.35617331891594 6.277150449327269e-05 0.0011191085202734612 28.484689155901254 0.4494644075660746 0.0048272379462242845 0.0019984080719168944 0.0 0.0 5.0 1.4082349646195143 3.4028235e+38 0.0 0.0005042248398521087 4.91473486178534 595 1512 597 1513 0.47405417861563526 0.24120723021491627 -0.09362664669601099 2.2846062074102274 4.490027592245295 1.7735788270536121 1.5604318864302404 0.35915177798136766 -19.402954458074067
1367.6073466019407 1590.2744027001033 319.5980895978446 0.295408159233395 32 1.7173655163159367 9 30.805409285816364 2.1338868409186835 0.0005693910741479649 0.0011191085202734612 29.088043769500427 0.7834966641208146 0.002769216185642382 0.0019984080719168944 0.0 0.0 5.0 2.4967944084850653 3.4028235e+38 0.0 0.0005042248398521087 -9999.0 1366 1590 1370 1591 2.049327985600115 0.1991058582792927 -0.441060247574294 0.9325842145170806 9.598767943120434 4.131730006274362 4.651109820262959 0.7849975514137693 -12.74507783029216
1369.171005955415 1593.4206126149086 319.5980787389497 0.29543000791064106 33 -9999.0 24 -9999.0 -9999.0 -9999.0 -9999.0 -9999.0 -9999.0 -9999.0 -9999.0 -9999.0 -9999.0 7.0 -9999.0 3.4028235e+38 0.0 0.0005966068762371404 -9999.0 1368 1593 1371 1594 -9999.0 -9999.0 -9999.0 -9999.0 -9999.0 -9999.0 -9999.0 -9999.0 -9999.0
1333.4886114579497 1618.4757022755684 319.5983265366121 0.2956040016436095 34 1.1018738953394305 9 30.157575481308857 1.1749999914581357 0.0010340562802499279 0.0011191085202734612 29.055701585969427 0.7605018560443662 0.0028529472037917003 0.0019984080719168944 0.0 0.0 10.0 2.5756130701349256 3.4028235e+38 0.0 0.000713081607004254 5.161626008887364 1332 1618 1336 1619 2.1432217256480204 0.24940962058745247 -0.15743481370897383 0.48927409380526266 4.204420283268503 0.6176888897022262 3.020039545069778 0.6688785080206971 -4.719890247714843
1215.1888734651368 1721.135691608102 319.59914807340215 0.2963169183768966 35 2.3702445097029425 9 30.708311241872796 1.9513364978252117 0.0006226584301657081 0.0011191085202734612 28.338066732169853 0.39268683064998844 0.005525195841400791 0.0019984080719168944 0.0 0.0 6.0 1.9872402663246145 3.4028235e+38 0.0 0.0005523506376828596 4.921637916969332 1214 1720 1217 1722 1.026086388218381 0.39825896975873115 -0.4377534172709998 1.8351252029193628 4.728071768308921 4.034220894935544 2.685061323349446 0.6275690274542547 -27.177814692483295
1183.736865294072 1738.0334612123768 319.5993664930316 0.29643426402679596 36 0.79214885407319 9 29.06310322617715 0.428794258323792 0.002833564342047256 0.0011191085202734612 28.27095437210396 0.3691487420065424 0.005877499763067646 0.0019984080719168944 0.0 0.0 5.0 2.792524505240118 29.411642 0.0020555041 0.045340471005005274 1.792440050984617 1183 1736 1184 1740 0.19389483246419154 2.6187088003122367 -0.5174646055772832 10.911992033509662 0.8079473620494477 4.312483811112774 5.561583795915171 0.8201951032843429 -78.44341929117276
1163.645059596522 1752.9818779529305 319.59950602131573 0.29653807249149955 37 -9999.0 24 1.7976931348623157e+308 1.7976931348623157e+308 0.0 0.0011191085202734612 1.7976931348623157e+308 1.7976931348623157e+308 0.0 0.0019984080719168944 0.0 0.0 5.0 1.137228748763222 3.4028235e+38 0.0 0.0005042248398521087 -9999.0 1163 1752 1166 1753 0.44866185008246373 0.017793638479433486 -0.02455429376808557 2.4109270677719667 60.79088320754164 6.653907411227428 5.238739731652878 0.8091143955944363 -3.2511391689682574
1113.9833333778183 1798.6020450929486 319.59985089900783 0.2968548792369438 38 2.7898164760789967 9 31.935648890458904 6.04320361270817 0.00020105496990137088 0.0011191085202734612 29.145832414379907 0.8263282676397601 0.002625677625524541 0.0019984080719168944 0.0 0.0 5.0 1.439289117546425 3.4028235e+38 0.0 0.0005042248398521087 5.511272644661837 1113 1798 1115 1799 0.5075680701144953 0.23958679900511334 -0.1759650291726405 2.643193810099455 5.599643998341192 3.8825985224099684 1.9754557744949632 0.4937877056469888 -26.35605790508185
1073.6898270281665 1831.7651421728215 319.6001307187667 0.29708517853806626 39 3.7752013665967716 9 32.801731235272726 13.41838242164854 9.054862816405138e-05 0.0011191085202734612 29.026529868675954 0.7403406422934159 0.0029306396538747313 0.0019984080719168944 0.0 0.0 8.0 1.5895568747398015 3.4028235e+38 0.0 0.0006377995787065208 -9999.0 1073 1831 1077 1832 0.7316115366290021 0.17969962819151514 -0.20012233796713527 1.9656194859654337 8.002631430168874 4.3780209346447 2.6344046691530574 0.6204075965590006 -17.97474854682201
1001.4128136081273 1016.5828616027881 319.6006326492535 0.2914241905134309 40 1.0871998944110075 65 27.625226586967177 0.1645436895123829 0.010653289630952207 0.0016145634902098996 26.53802669255617 0.10966447759971396 0.028997709322452554 0.0029290030804412955 -0.00018994674897531886 0.0 14.0 2.887490368617381 28.432661 0.0050641894 0.0711681136240831 3.212298776711113 999 1015 1003 1019 1.09979365119128 1.9073601188503053 0.13627000745025772 0.9173824317005862 0.5289674268259703 -0.13108349028281832 1.3383091549563553 0.2527884933787128 80.67566590509759
994.8525018620069 1022.8556292879204 319.60067820756313 0.2914677514003477 41 1.1573816689699328 65 27.30006117883406 0.1209338850504689 0.014373081811870591 0.001600987955842077 26.142679509864127 0.07546985312994683 0.041735206357239145 0.0029011236014818654 -0.00021621997897631172 0.0 142.0 7.582555388901183 26.281149 0.036738005 0.1916904434999896 3.1230953579516525 987 1014 1003 1029 11.602028071139712 9.134962512630704 -0.19621927424227684 0.0862231505437943 0.10950930686448106 0.0037041518231066355 1.1286846595707403 0.11401294283531893 -4.519184707031308
1016.2147603745022 1033.3793574579706 319.600529856625 0.2915408328446109 42 0.7260489665806986 1 23.905841258142065 0.006494892416406426 0.3275200305851121 0.001959295719690932 23.179792291561366 0.0060493247445705 0.6392304469319426 0.0035616768537425256 0.00015032925606921416 0.0 1255.0 15.783728420788302 22.37422 1.34241 1.1586517463035446 1.6838178855867068 989 1008 1040 1056 43.720552166831894 46.13268890815478 -2.0336371123043167 0.02291953392841413 0.021721141829640286 0.0020206936077945253 1.0540882829792602 0.051312858564736 -60.33523733749351
995.7184682528256 1033.5253412680404 319.6006721938296 0.29154184662242005 43 1.16569978546692 1 26.14004518700248 0.04143159476879666 0.04183659147668839 0.0015965337612322422 24.97434540153556 0.025647508993672758 0.1224154429907571 0.0028918220273278783 -3.492389749161945e-05 0.0 421.0 12.156771630044323 24.025068 0.2934587 0.5417380385012852 2.3402325166518145 980 1022 1005 1047 34.75240192184828 18.550525872528524 -2.8486912425915114 0.02914182079467702 0.0545940463332563 0.008950263756555395 1.3966893795065634 0.2840211899131858 -9.687100536159363
997.7617631011408 1053.1119062746368 319.60065800409774 0.2916778644349 44 1.2916224096702607 65 27.881683911908627 0.1828275769019238 0.0084120298356955 0.0014165524838232444 26.590061502238367 0.10038386161330552 0.02764074651810725 0.0025556644315760657 -0.00017137886033835316 0.0 28.0 4.394625388959173 28.126993 0.006710831 0.08192835126119895 3.2119230926381706 993 1050 1001 1056 4.223426411396259 2.742169370758965 -1.8586543056216223 0.3374248966764286 0.5196940917225159 0.4574161200392913 1.923559196488605 0.4801303740350349 -34.13696057520115
1002.8139194154852 1053.4173534011604 319.60062291922424 0.2916799855952777 45 1.355210214655905 65 27.90288032888991 0.19350852240910876 0.008249397629950334 0.0014703221388384386 26.547670114234005 0.10033287197535537 0.0287412944136387 0.0026560713022101942 -0.0001571683223752129 0.0 35.0 4.805612972386872 28.31333 0.0056525427 0.07519522940410059 3.5439078763534515 999 1051 1007 1059 4.1446327763926805 4.18473676014537 -2.907322105210868 0.47063535416331703 0.4661250698423142 0.6539424805326228 2.3716747107353116 0.5783570168904145 -45.197583247888815
1017.3438180146616 1056.5367659207739 319.6005220158428 0.2917016481810342 46 0.9948539123483116 65 27.709081713762064 0.15461949533313651 0.009861470584791887 0.0014044170627826214 26.714227801413752 0.11154698464334317 0.024653764807055754 0.0025329769957937206 -0.00014700245709532473 0.0 44.0 5.647307154251972 27.978659 0.007693245 0.08772389392564195 3.765884022926292 1012 1053 1022 1061 6.367082290689075 5.1355534369431535 3.273159136945804 0.23359435902005965 0.28961133883299334 -0.2977640170445256 1.936930205921312 0.48371913611397055 39.67286595068617
1005.7035133773934 1056.4768957247213 319.6006028523393 0.2917012324168129 47 1.0862146408731945 65 27.851661411923406 0.1785933717221599 0.008647882981824466 0.0014225426729139886 26.76544677105021 0.11845842130102525 0.023517744114953606 0.00256597111579523 -0.00016021915446723606 0.0 24.0 4.350881773129847 28.419313 0.0051268246 0.0716103672842657 3.537178801910395 1003 1054 1009 1061 2.1143197170449146 4.713296673337411 -1.296566906175312 0.568941178849944 0.25521914609916596 0.3130167079149184 1.8238497060397394 0.4517092078977415 -67.5322400041658
1025.8592595328982 1055.060433059923 319.60046288006606 0.29169139586834525 48 1.079942006853294 65 27.828244941722023 0.1731729463488158 0.008836420864572715 0.001409440026062639 26.74830293486873 0.11551398270281459 0.023892037910226132 0.002542013865613753 -0.00014911089162914968 0.0 16.0 3.734619136650703 28.497213 0.0047718673 0.0690845919454473 3.4569328919188766 1024 1051 1028 1058 1.5343548523929054 3.4960991720216947 1.164090881027552 0.8720302092633522 0.3827133376890723 -0.5807171734187391 2.0164292648482007 0.5040738510233429 65.05887648408826
1009.9922927000906 1057.0670586668034 319.6005730687635 0.291705330770263 49 1.3937149866890266 65 27.9708047617742 0.19937098520148117 0.007749121394489814 0.0014229989563095788 26.577089775085174 0.09962271174679203 0.027972962240400478 0.002566770151956631 -0.00015647508251321056 0.0 32.0 3.912115336816095 28.452238 0.0049736938 0.07053595358156911 3.598950381438333 1007 1055 1013 1061 3.242341751276884 2.277642617767275 -0.9682042504962759 0.35326110832436086 0.5028854095403371 0.3003358858379242 1.5129618753830774 0.3390448125159776 -31.758989160731208
1022.2554713209413 1062.661102497428 319.6004879066964 0.2917441782955225 50 1.0378295578744243 65 28.145227828412512 0.2047669807552874 0.006599077636623221 0.0012446101164419953 27.107398270538088 0.14131897063522006 0.017163863850923743 0.0022341158437281087 -0.00013847527357093648 0.0 23.0 5.912283674986446 29.222681 0.0024462559 0.04947146017239341 4.1846467763738096 1018 1059 1026 1068 5.751934804873631 6.855451921158146 -4.874399202270415 0.4374234968545261 0.3670117542888444 0.6220382751256553 2.831447123469455 0.6468237066088416 -48.229058744574566
