DrizzlePac/data/10/hst_16231_10_acs_sbc_f165lp_jec410_segment-cat.ecsv
# %ECSV 1.0
# ---
# datatype:
# - {name: X-Centroid, unit: pix, datatype: float64, format: 10.3f, description: Pixel Coordinate}
# - {name: Y-Centroid, unit: pix, datatype: float64, format: 10.3f, description: Pixel Coordinate}
# - {name: RA, unit: deg, datatype: float64, format: 13.7f, description: Sky coordinate at epoch of observation}
# - {name: DEC, unit: deg, datatype: float64, format: 13.7f, description: Sky coordinate at epoch of observation}
# - {name: ID, unit: '', datatype: int64, format: 7d, description: Catalog Object Identification Number}
# - {name: CI, unit: mag(AB), datatype: float64, format: 7.3f, description: Concentration Index}
# - {name: Flags, unit: '', datatype: int64, format: 5d, description: Numeric encoding for conditions on detected sources}
# - {name: MagAp1, unit: mag(AB), datatype: float64, format: 7.3f, description: ABMAG of source based on the inner (smaller) aperture}
# - {name: MagErrAp1, unit: mag(AB), datatype: float64, format: 7.3f, description: Error of MagAp1}
# - {name: FluxAp1, unit: electron / s, datatype: float64, format: 10.4f, description: Flux of source based on the inner (smaller) aperture}
# - {name: FluxErrAp1, unit: electron / s, datatype: float64, format: 10.4f, description: Error of FluxAp1}
# - {name: MagAp2, unit: mag(AB), datatype: float64, format: 7.3f, description: ABMAG of source based on the outer (larger) aperture}
# - {name: MagErrAp2, unit: mag(AB), datatype: float64, format: 7.3f, description: Error of MagAp2}
# - {name: FluxAp2, unit: electron / s, datatype: float64, format: 10.4f, description: Flux of source based on the outer (larger) aperture}
# - {name: FluxErrAp2, unit: electron / s, datatype: float64, format: 10.4f, description: Error of FluxAp2}
# - {name: MSkyAp2, unit: electron / (pix s), datatype: float64, format: 7.3f, description: Sky estimate from an annulus outside Aperture
#     2}
# - {name: Bck, unit: electron / s, datatype: float32, format: 10.4f, description: Background at the position of the source centroid}
# - {name: Area, unit: pix2, datatype: float64, format: 8.3f, description: Total unmasked area of the source segment}
# - {name: FWHM, unit: pix, datatype: float64, format: 8.3f, description: Circularized FWHM of 2D Gaussian function having the same second-order
#     central moments as the source}
# - {name: MagSegment, unit: mag(AB), datatype: float32, format: 7.3f, description: Magnitude corresponding to FluxSegment}
# - {name: FluxSegment, unit: electron / s, datatype: float32, format: 10.4f, description: Sum of unmasked data values in the source segment}
# - {name: FluxSegmentErr, unit: electron / s, datatype: float64, format: 10.4f, description: 'Uncertainty of FluxSegment, propagated
#     from the input error array'}
# - {name: KronRadius, unit: pix, datatype: float64, format: 8.4f, description: The unscaled first-moment Kron radius}
# - {name: Xmin, unit: pix, datatype: int64, format: 8.0f, description: Minimum X pixel within the minimal bounding box containing the
#     source segment}
# - {name: Ymin, unit: pix, datatype: int64, format: 8.0f, description: Minimum Y pixel within the minimal bounding box containing the
#     source segment}
# - {name: Xmax, unit: pix, datatype: int64, format: 8.0f, description: Maximum X pixel within the minimal bounding box containing the
[...]
#   h12.1: [and an undistorted a priori solution based on GSC240).]
#   h13: [Magnitude values in this table are in the ABMAG system.]
#   h14: ['Column titles in this table ending with Ap1 refer to the inner photometric aperture ']
#   h14.1: ['(radius = 2.8000000000000185 pixels, 0.07 arcsec.']
#   h15: ['Column titles in this table ending with Ap2 refer to the outer photometric aperture ']
#   h15.1: ['(radius = 5.000000000000032 pixels, 0.125 arcsec.']
#   h16: [CI = Concentration Index (CI) = MagAp1 - MagAp2.]
#   h17: ['Flag Value Identification:']
#   h17.1: ['    0 - Stellar Source (0.15 < CI < 0.45)']
#   h17.2: ['    1 - Extended Source (CI > 0.45)']
#   h17.3: ['    2 - Questionable Photometry (Single-Pixel Saturation)']
#   h17.4: ['    4 - Questionable Photometry (Multi-Pixel Saturation)']
#   h17.5: ['    8 - Faint Detection Limit']
#   h17.6: ['   16 - Hot pixels (CI < 0.15)']
#   h17.7: ['   32 - False Detection Swarm Around Saturated Source']
#   h17.8: ['   64 - False Detections Near Image Edge']
#   h17.9: ['  128 - Bleeding and Cosmic Rays']
#   h18: ['#=================================================================================================']
#   version: {Python: 3.8.12, astropy: 5.0.2, bottleneck: null, gwcs: null, matplotlib: 3.5.1, numpy: 1.22.3, photutils: 1.3.0, scipy: 1.8.0,
#     skimage: 0.19.2, sklearn: 1.0.2}
# schema: astropy-2.0
X-Centroid Y-Centroid RA DEC ID CI Flags MagAp1 MagErrAp1 FluxAp1 FluxErrAp1 MagAp2 MagErrAp2 FluxAp2 FluxErrAp2 MSkyAp2 Bck Area FWHM MagSegment FluxSegment FluxSegmentErr KronRadius Xmin Ymin Xmax Ymax X2 Y2 XY CXX CYY CXY Elongation Ellipticity Theta
[from data line 868]
579.8638696789219 1209.298063858726 319.60282958366673 0.29427872842785596 869 0.643687521977192 73 28.98695447273908 1.068225610028859 0.000742901884677849 0.0007309448456770601 28.343266950761887 1.0543867747444566 0.0013440222824303311 0.00130525865299475 0.0 0.0 9.0 2.06716224088277 28.988428 0.00074189523 0.02724133713245061 0.9779804681988026 579 1206 581 1210 0.3849253714270542 1.156291216469721 -0.4123660679085165 4.204083034445364 1.399524791414374 2.9985892228223756 2.5459973287353352 0.6072266106827666 -66.5425009581881
684.0280226454153 1208.7487840646631 319.602106211953 0.29427491406685713 870 1.4259009623665264 73 29.854784385100388 2.375718341555443 0.00033404078466305173 0.00073094484567706 28.42888342273386 1.1408972640994808 0.0012421094906165313 0.00130525865299475 0.0 0.0 12.0 3.6004411285149396 29.760336 0.00036440088 0.01909610403147701 4.057521258528363 681 1207 686 1211 2.1909433753227328 2.4845341724002075 -2.1228931889958362 2.652155169152692 2.3387570445728785 4.532231600835822 4.613883722693651 0.7832628518396676 -46.977817272851375
756.1234146972004 1207.8947565311237 319.60160554290496 0.29426898334939233 871 17.595547117169993 73 45.81682780542004 5762518.315621737 1.3771527923828585e-10 0.0007309448456770601 28.221280688250047 0.9423352668897749 0.0015038377203409504 0.00130525865299475 0.0 0.0 7.0 1.7180345197433693 3.4028235e+38 0.0 0.0003896733097648733 5.391681920719133 754 1207 757 1210 0.35578891672086965 0.708791122631452 -0.3580543793020187 5.717113854173619 2.869795740943506 5.776137954028804 2.6454803237699096 0.6219968105546285 -58.120380213428845
764.5557310891161 1211.3912907273534 319.6015469843807 0.29429326483877266 872 1.8725069519819755 73 29.122868500507828 1.2106778499016837 0.0006554896655753879 0.0007309448456770601 27.250361548525852 0.3853344065992013 0.0036776350496787883 0.00130525865299475 0.0 0.0 7.0 1.4072432035615297 3.4028235e+38 0.0 0.0003896733097648733 5.3042150765080915 764 1209 765 1212 0.24689404570594115 0.46736026041788353 -0.0886670145424264 4.346460757471632 2.2961200850811956 1.649210392198232 1.5205124789840951 0.3423270023616424 -70.5941100638439
852.6208468157544 1210.3849062323343 319.6009354130105 0.29428627605964414 873 0.6746808011948247 73 29.00204670632857 1.0831781209150486 0.0007326466475164556 0.0007309448456770601 28.327365905133746 1.0390573807741315 0.001363850876551784 0.00130525865299475 0.0 0.0 5.0 1.4347002172064935 29.012674 0.00072550966 0.026937300023035442 2.921903567026567 852 1209 854 1211 0.3705203817575166 0.37187775927998656 -0.17527512591319258 3.4733208050416646 3.46064296273612 3.2741228871513877 1.6701022092039473 0.40123425112008615 -45.11092791140827
575.9438295139761 1212.411365987529 319.6028568065301 0.2943003485774582 874 1.0590237926560988 73 29.18617080228887 1.2833630097633786 0.0006183650400660236 0.0007309448456770601 28.127147009632772 0.8640760613090935 0.0016400400184787371 0.00130525865299475 0.0 0.0 7.0 1.6943500116988714 29.207457 0.00060635817 0.024627423781016507 3.380056705195231 575 1211 577 1213 0.579848269921511 0.45558188209354483 -0.30182618482233464 2.632366506765478 3.350381621264479 3.4879224614467077 1.9851885011652943 0.496269498129268 -39.18386511902865
601.8677103033624 1212.270688218088 319.60267677720543 0.29429937167374765 875 0.8988633074046035 73 28.912070366661958 0.9970325645980306 0.0007959487454369469 0.00073094484567706 28.013207059257354 0.7779935443236796 0.0018215052424224434 0.00130525865299475 0.0 0.0 5.0 1.73965252073201 29.669863 0.00039606722 0.019904162361415945 3.3106799436924415 601 1211 603 1213 0.4167464768647465 0.6747933063759595 -0.39843777844698597 5.510087960197058 3.4029823990986614 6.506962013891769 2.7563283504320113 0.6371985217787041 -53.97157934853567
628.5120621350793 1212.3057370942338 319.60249174454384 0.29429961509162966 876 0.3306972846578944 72 29.09485397031176 1.179839100220784 0.000672622918500565 0.0007309448456770601 28.764156685653866 1.5536594961804415 0.0009121170520569561 0.00130525865299475 0.0 0.0 12.0 3.6165285562453047 29.263613 0.0005757954 0.024001160792306117 3.45131723862023 625 1211 631 1215 3.2829491494470426 1.4344035156723298 -1.8860550138255534 1.2452821575520894 2.8501031650365136 3.2747697997348513 4.15468943319737 0.7593081225254377 -31.946276400596567
654.1876252532641 1211.6347528322924 319.60231343966984 0.29429495549788587 877 1.2833823904149142 73 28.76306565680811 0.8691754664407226 0.0009130340760782466 0.0007309448456770601 27.479683266393195 0.4759556385081108 0.002977418912397759 0.00130525865299475 0.0 0.0 6.0 1.5754351067741637 29.19546 0.0006130955 0.024763392541972913 1.323470858547284 653 1211 655 1214 0.2637123801790329 0.6314783690827216 -0.2503784077754903 6.081303203651224 2.5396197572923684 4.8224201742394825 2.353031963790325 0.5750163978269236 -63.14715859639155
676.3314353760752 1212.1042481485158 319.60215966118255 0.29429821589625665 878 8.541663380647144 73 37.56343048528616 2879.077733262899 2.7563924717385147e-07 0.0007309448456770601 29.021767104639018 1.9696996668093805 0.0007194595924626022 0.00130525865299475 0.0 0.0 6.0 1.589465947865095 3.4028235e+38 0.0 0.0003607673825252154 5.749206479748016 676 1211 677 1214 0.22158596756108603 0.6896209414036815 -0.19480161878198896 6.003874402733406 1.9291385147571427 3.391905269685221 2.2427218202595034 0.554113224847346 -70.11260650327289
552.1979100327743 1213.7932274126638 319.6030217109253 0.29430994481166844 879 4.686994852533239 73 33.20120889660311 51.80417421726367 1.5318974405871767e-05 0.0007309448456770601 28.514214044069874 1.2341808038450754 0.0011482266740346163 0.00130525865299475 0.0 0.0 9.0 2.17579749680238 3.4028235e+38 0.0 0.00044184800151312513 3.94022919001621 551 1212 553 1216 0.6445428818441264 1.0629208718377239 -0.585142995990855 3.1015553510993206 1.8807471724027152 3.4148419481799364 2.5198434487361814 0.6031499494535875 -54.83600122713832
713.9374321537124 1213.142829714613 319.6018985049829 0.29430542828756007 880 0.8430044991532739 73 27.989397361111443 0.4262261989075993 0.001861891223452513 0.00073094484567706 27.14639286195817 0.3501469231121636 0.004047213401051221 0.00130525865299475 0.0 0.0 8.0 2.302432358432306 29.290651 0.00056163414 0.0237024816077435 3.6650560262284877 712 1212 716 1214 1.5198686598675735 0.39213318975175465 -0.01568637579614316 0.6582233449283786 2.551207241047797 0.05266138657060567 1.9694194827273896 0.49223615955340805 -0.7967572239336844
1035.5805318090574 1212.913708125839 319.59966484288225 0.2943038370810089 881 1.1223697455438426 73 28.87519208024502 0.9637358812749723 0.0008234484513554795 0.0007309448456770601 27.75282233470118 0.6120996109615465 0.002315177618443915 0.00130525865299475 0.0 0.0 5.0 1.6177371648052494 29.50334 0.000461718 0.021490148382813906 3.057926297031902 1035 1212 1037 1214 0.41131695136975016 0.5325928010575681 -0.34697146538865803 5.3974305003550285 4.168390286590016 7.032593629966078 2.62373918363023 0.6188645555018961 -49.95654675869348
884.2135014848318 1216.9732230295172 319.6007160166796 0.29433202825209975 882 1.4582755697803833 73 29.13369493891806 1.2228105363318846 0.0006489859184008501 0.0007309448456770601 27.67541936913768 0.5699817064766209 0.0024862540384259267 0.00130525865299475 0.0 0.0 17.0 4.932468764125788 28.790777 0.00089002354 0.029839441540593342 3.8456458572918675 881 1214 888 1219 7.779192970899699 0.9957284279807903 -1.493372735091778 0.18052289134195657 1.4103468053650179 0.5414889369719079 3.4460919775393815 0.7098162189176298 -11.881897413622653
649.3575542170328 1216.3910119394516 319.60234698227555 0.2943279850715415 883 0.7974019626707829 73 29.348465171261964 1.4902779135484807 0.0005325092801395583 0.0007309448456770601 28.55106320859118 1.2767870026461985 0.0011099105149248516 0.00130525865299475 0.0 0.0 16.0 3.5394160745313488 29.645704 0.00040497878 0.020132706411748767 4.678107826774976 647 1215 652 1220 2.2674752235982583 2.2508530982924957 -1.6601714763568618 0.9587954293793315 0.9658759526626258 1.4143658017703724 2.5580213401783607 0.6090728469332183 -44.85658564729101
1053.9574881071944 1217.0518270221437 319.5995372234426 0.2943325739993748 884 1.2134926518737643 73 27.954139563267518 0.4126074087825598 0.0019233460235072925 0.0007309448456770601 26.740646911393753 0.24096387254370022 0.005881044758273451 0.00130525865299475 0.0 0.0 12.0 2.945323842450517 27.91068 0.0020018937 0.04474543489236338 2.9442739166547165 1052 1215 1056 1219 1.7293049953830812 1.399515542377602 -1.305844903326193 1.9574785391844995 2.4187494269739296 3.652926025275687 3.4067978550382 0.7064692293024861 -41.40155147711238
739.4641080608034 1217.63889245091 319.60172123406323 0.2943366509550256 885 10.208590140088113 73 37.91258303899245 3971.132813688796 1.9983890143790466e-07 0.0007309448456770601 27.70399289890434 0.585181151447474 0.002421676289557664 0.00130525865299475 0.0 0.0 9.0 4.109441295480296 31.318758 8.673802e-05 0.009323800291477996 3.8255305185210546 736 1216 741 1220 3.7880972522926677 2.302783672649034 -2.7383639331039102 1.8805426595260097 3.0935074648913132 4.47250886366188 5.316104073804685 0.8118923207452728 -37.413058767099294
731.7467084675702 1217.7456364704879 319.6017748278231 0.29433739223030564 886 4.542088183225033 73 32.21726131914955 20.93079500458059 3.79147958201259e-05 0.0007309448456770601 27.675173135924517 0.569852455455177 0.002486817957859737 0.00130525865299475 0.0 0.0 5.0 2.1850729110826856 3.4028235e+38 0.0 0.0003293340557019259 4.862252943016293 730 1217 733 1219 0.9943534912670031 0.7276991119371035 -0.7360556015887207 4.002474509489846 5.469121010226551 8.096873376920382 3.7736405222524914 0.7350039056176186 -39.86645820420944
840.481177304803 1221.1749775424607 319.60101971738175 0.29436120711195907 887 0.7700964533657455 73 28.388089780739456 0.6153427794826919 0.0012896662566167414 0.0007309448456770601 27.61799332737371 0.5406179987572949 0.0026212951156156417 0.00130525865299475 0.0 0.0 8.0 3.112462878384159 28.982653 0.0007458499 0.02731343007330449 3.1356825848337833 839 1219 843 1223 1.8093206270103785 1.6846794356796295 -1.6341921995070037 4.462241065207126 4.7923804558788206 8.657029208811492 5.504784079166963 0.8183398321135732 -43.90803002031428
474.239383076152 1222.0962829295127 319.60356309673784 0.29436760481785373 888 1.0233371896682257 73 28.708258736335424 0.82638931099941 0.0009603062483853337 0.0007309448456770601 27.684921546667198 0.5749919814208636 0.002464589707937412 0.00130525865299475 0.0 0.0 14.0 2.8438304259148914 28.808172 0.000875877 0.02960034897855848 3.694330830683001 471 1220 476 1224 1.8215308890221698 1.0953717970805312 -0.8640842847395995 0.8772716216843037 1.4588447148443864 1.3840718261430638 2.1439858875351154 0.5335790194264414 -33.60417137187825
698.8057528002238 1221.2377335075082 319.60200358747966 0.2943616428900609 889 0.9330546219929943 73 29.24138374180267 1.3503137602431812 0.0005877054965422743 0.0007309448456770601 28.308329119809677 1.0209978263866515 0.0013879748643262416 0.00130525865299475 0.0 0.0 5.0 1.7259224933469808 33.917007 7.923374e-06 0.002834049234210293 4.334216005491507 698 1220 700 1222 0.553802831947283 0.5205752137928319 -0.5163913984841141 24.06065759255558 25.596417117496348 47.73456858286659 7.1645648489746465 0.860424181917606 -44.07863210717953
743.6235402138656 1220.9993916071003 319.60169234873763 0.29435998775597483 890 0.22911364422020597 72 28.9036198321647 0.9893025521801986 0.000802167968942058 0.0007309448456770601 28.674506187944495 1.4305256350175861 0.0009906283990073193 0.00130525865299475 0.0 0.0 10.0 1.9790201628252582 29.16842 0.00062855723 0.025075369791655137 1.4138410264155605 743 1220 747 1223 0.6421830082472272 0.7704032774334805 0.5225640739348596 3.4755032527226337 2.897065990479453 -4.714863479727111 2.6183859735958985 0.6180853357434261 48.49715561599887
793.0806199088025 1221.6729178372857 319.6013488922631 0.2943646650312255 891 1.0692697455644051 73 29.158560586136986 1.2511386228834804 0.000634291679943999 0.0007309448456770601 28.08929084057258 0.834467651674793 0.001698231581190971 0.00130525865299475 0.0 0.0 7.0 1.4327209904494902 29.28169 0.00056628726 0.023799981126500842 1.6901514324971583 792 1221 794 1224 0.1833985431875012 0.556952674434254 -0.09103833848988913 5.934098149727142 1.9540348861724954 1.9399509537712314 1.8865344010010785 0.4699275033260163 -77.00730179854267
808.6051586759571 1224.7204389461506 319.60124108154344 0.2943858283730885 892 4.547641530762803 73 31.86659939116472 15.15377913172958 5.236890494793744e-05 0.0007309448456770601 27.318957860401916 0.41046517261482574 0.0034524715228061585 0.00130525865299475 0.0 0.0 5.0 1.7650824852761533 3.4028235e+38 0.0 0.0003293340557019259 4.589734833404824 808 1223 809 1226 0.23894165287095562 0.8847432827410721 -0.3298648187025854 8.623966559712304 2.3290652376555734 6.430663495750323 3.1952796171741826 0.6870383441170096 -67.19438274088789
943.2904020171612 1227.8498112376164 319.6003057550071 0.2944075600889979 893 1.2110639699296115 73 28.591621993819324 0.7422154563535249 0.0010692135446093306 0.0007309448456770601 27.380558023889712 0.4344265698311711 0.0032620456895790873 0.00130525865299475 0.0 0.0 13.0 4.208230507055621 29.104906 0.00066642393 0.025820649614699282 3.4527640743832895 939 1226 946 1231 4.045303260133113 2.3419419372748815 -2.9046543010618753 2.258711261468076 3.9015365343977457 5.602850588272361 6.109027583952529 0.8363078270219559 -36.829104309277795
614.9496624919808 1227.6419664679865 319.60258592913004 0.294406116672947 894 1.1304713357841223 73 28.400803780376187 0.6225908141997689 0.0012746523091118854 0.0007309448456770601 27.270332444592064 0.39248778702665393 0.0036106074288119526 0.00130525865299475 0.0 0.0 6.0 1.5666489970571973 29.15301 0.0006375429 0.025252189584113963 3.0405988748081043 614 1227 616 1229 0.5347816761380791 0.35045206238682985 -0.17111192936468309 2.2161427751308316 3.381782203745704 2.1641103403276216 1.6017857348274163 0.375696775007336 -30.846038308153737
857.9793975362888 1228.6274651815686 319.6008982003585 0.29441296049555193 895 3.5746536317035194 73 31.612505971225467 11.991778141599173 6.61775768014463e-05 0.0007309448456770601 28.037852339521947 0.7958552864222115 0.0017806243719597535 0.00130525865299475 0.0 0.0 7.0 2.0358437110032033 3.4028235e+38 0.0 0.0003896733097648733 4.464293691268315 857 1227 859 1230 0.6652775604179465 0.8295924079930601 -0.6125617469861356 4.6955229484342516 3.765494985155353 6.934243159878188 3.248594327625903 0.6921745533149387 -48.819491597285996
529.2118098162803 1232.107523251308 319.6031813387492 0.2944371273941326 896 1.3458372605561877 73 28.46062740406895 0.6578579967422095 0.0012063193316513897 0.0007309448456770601 27.114790143512764 0.34010203222310664 0.004166747579522756 0.00130525865299475 0.0 0.0 23.0 5.216900367543797 28.079851 0.0017130565 0.041395115088773964 3.5079067155223322 526 1228 535 1235 5.786147792610427 4.029967099068368 -4.233676453403714 0.747124641798811 1.0727069205970476 1.5697815520491667 3.9749699504976643 0.7484257711495905 -39.141318396515544
617.6598613844276 1231.8928256136192 319.6025671080596 0.2944356365303738 897 0.7111810363031736 73 27.999815027137977 0.4303355329958903 0.001844111764201361 0.0007309448456770601 27.288633990834803 0.39915977203559694 0.003550255859525899 0.00130525865299475 0.0 0.0 7.0 2.2036879680919137 29.1626 0.0006319359 0.02514135430166573 2.6535937051351426 617 1230 619 1233 0.6970654261359893 1.0544531535075325 -0.7101627809622766 4.5708334122100025 3.0216325207813255 6.156813617623003 3.348004207656145 0.7013145928212332 -52.06188727506524
