DrizzlePac/data/10/hst_16231_10_acs_sbc_f165lp_jec410_segment-cat.ecsv
# %ECSV 1.0
# ---
# datatype:
# - {name: X-Centroid, unit: pix, datatype: float64, format: 10.3f, description: Pixel Coordinate}
# - {name: Y-Centroid, unit: pix, datatype: float64, format: 10.3f, description: Pixel Coordinate}
# - {name: RA, unit: deg, datatype: float64, format: 13.7f, description: Sky coordinate at epoch of observation}
# - {name: DEC, unit: deg, datatype: float64, format: 13.7f, description: Sky coordinate at epoch of observation}
# - {name: ID, unit: '', datatype: int64, format: 7d, description: Catalog Object Identification Number}
# - {name: CI, unit: mag(AB), datatype: float64, format: 7.3f, description: Concentration Index}
# - {name: Flags, unit: '', datatype: int64, format: 5d, description: Numeric encoding for conditions on detected sources}
# - {name: MagAp1, unit: mag(AB), datatype: float64, format: 7.3f, description: ABMAG of source based on the inner (smaller) aperture}
# - {name: MagErrAp1, unit: mag(AB), datatype: float64, format: 7.3f, description: Error of MagAp1}
# - {name: FluxAp1, unit: electron / s, datatype: float64, format: 10.4f, description: Flux of source based on the inner (smaller) aperture}
# - {name: FluxErrAp1, unit: electron / s, datatype: float64, format: 10.4f, description: Error of FluxAp1}
# - {name: MagAp2, unit: mag(AB), datatype: float64, format: 7.3f, description: ABMAG of source based on the outer (larger) aperture}
# - {name: MagErrAp2, unit: mag(AB), datatype: float64, format: 7.3f, description: Error of MagAp2}
# - {name: FluxAp2, unit: electron / s, datatype: float64, format: 10.4f, description: Flux of source based on the outer (larger) aperture}
# - {name: FluxErrAp2, unit: electron / s, datatype: float64, format: 10.4f, description: Error of FluxAp2}
# - {name: MSkyAp2, unit: electron / (pix s), datatype: float64, format: 7.3f, description: Sky estimate from an annulus outside Aperture
#     2}
# - {name: Bck, unit: electron / s, datatype: float32, format: 10.4f, description: Background at the position of the source centroid}
# - {name: Area, unit: pix2, datatype: float64, format: 8.3f, description: Total unmasked area of the source segment}
# - {name: FWHM, unit: pix, datatype: float64, format: 8.3f, description: Circularized FWHM of 2D Gaussian function having the same second-order
#     central moments as the source}
# - {name: MagSegment, unit: mag(AB), datatype: float32, format: 7.3f, description: Magnitude corresponding to FluxSegment}
# - {name: FluxSegment, unit: electron / s, datatype: float32, format: 10.4f, description: Sum of unmasked data values in the source segment}
# - {name: FluxSegmentErr, unit: electron / s, datatype: float64, format: 10.4f, description: 'Uncertainty of FluxSegment, propagated
#     from the input error array'}
# - {name: KronRadius, unit: pix, datatype: float64, format: 8.4f, description: The unscaled first-moment Kron radius}
# - {name: Xmin, unit: pix, datatype: int64, format: 8.0f, description: Minimum X pixel within the minimal bounding box containing the
#     source segment}
# - {name: Ymin, unit: pix, datatype: int64, format: 8.0f, description: Minimum Y pixel within the minimal bounding box containing the
#     source segment}
# - {name: Xmax, unit: pix, datatype: int64, format: 8.0f, description: Maximum X pixel within the minimal bounding box containing the
[...]
#   h12.1: [and an undistorted a priori solution based on GSC240).]
#   h13: [Magnitude values in this table are in the ABMAG system.]
#   h14: ['Column titles in this table ending with Ap1 refer to the inner photometric aperture ']
#   h14.1: ['(radius = 2.8000000000000185 pixels, 0.07 arcsec.']
#   h15: ['Column titles in this table ending with Ap2 refer to the outer photometric aperture ']
#   h15.1: ['(radius = 5.000000000000032 pixels, 0.125 arcsec.']
#   h16: [CI = Concentration Index (CI) = MagAp1 - MagAp2.]
#   h17: ['Flag Value Identification:']
#   h17.1: ['    0 - Stellar Source (0.15 < CI < 0.45)']
#   h17.2: ['    1 - Extended Source (CI > 0.45)']
#   h17.3: ['    2 - Questionable Photometry (Single-Pixel Saturation)']
#   h17.4: ['    4 - Questionable Photometry (Multi-Pixel Saturation)']
#   h17.5: ['    8 - Faint Detection Limit']
#   h17.6: ['   16 - Hot pixels (CI < 0.15)']
#   h17.7: ['   32 - False Detection Swarm Around Saturated Source']
#   h17.8: ['   64 - False Detections Near Image Edge']
#   h17.9: ['  128 - Bleeding and Cosmic Rays']
#   h18: ['#=================================================================================================']
#   version: {Python: 3.8.12, astropy: 5.0.2, bottleneck: null, gwcs: null, matplotlib: 3.5.1, numpy: 1.22.3, photutils: 1.3.0, scipy: 1.8.0,
#     skimage: 0.19.2, sklearn: 1.0.2}
# schema: astropy-2.0
X-Centroid Y-Centroid RA DEC ID CI Flags MagAp1 MagErrAp1 FluxAp1 FluxErrAp1 MagAp2 MagErrAp2 FluxAp2 FluxErrAp2 MSkyAp2 Bck Area FWHM MagSegment FluxSegment FluxSegmentErr KronRadius Xmin Ymin Xmax Ymax X2 Y2 XY CXX CYY CXY Elongation Ellipticity Theta
[from data line 511]
798.3045382375208 967.4801769979896 319.6013126145566 0.29259943766663465 512 1.2373943329465433 73 29.349373141961387 1.4915247123777742 0.0005320641437354771 0.0007309448456770601 28.111978809014843 0.8520884788046463 0.0016631128747855014 0.00130525865299475 0.0 0.0 5.0 1.3196675704004923 3.4028235e+38 0.0 0.0003293340557019259 3.7457402484660767 798 967 799 969 0.21179469940850362 0.4163267678677118 -0.07168464049168519 5.013743167725693 2.5506028174900264 1.7265686678607306 1.5232729902030262 0.3435188528704122 -72.48549522846886
457.77444936612466 970.0890429936488 319.6036774376793 0.29261755451932026 513 0.8387369594321754 73 28.922589807379424 1.0067395250580589 0.000788274225059176 0.0007309448456770601 28.08385284794725 0.8302986059769315 0.0017067586400304907 0.0013052586529947497 0.0 0.0 6.0 1.910660184045162 32.860985 2.0956522e-05 0.0045920230951687424 3.8642847306484884 457 968 459 971 0.3891945490659071 0.9274891370548418 -0.4900331404602892 7.675270086847626 3.2207097216202536 8.110362815637949 3.502145944334871 0.7144607860738594 -59.38874266223655
846.5614890403093 969.5075083713631 319.6009774924725 0.29261351635500377 514 1.0696674082680815 73 28.280886151870753 0.5574881717123125 0.0014235043167177882 0.0007309448456770601 27.21121874360267 0.37168982035563985 0.003812639577270299 0.00130525865299475 0.0 0.0 5.0 1.2852482451253282 36.993893 4.6575363e-07 0.0007577694568183372 4.854656491294086 846 968 847 970 0.24621909792184613 0.34956456027009475 -0.04021577463673929 4.139202020488101 2.9154860172707595 0.9523918300142736 1.250384496688822 0.20024600221121747 -71.05357290224867
559.7064632292173 971.0375983824342 319.60296956724244 0.2926241418432955 515 1.5646778814494695 73 29.684517040835722 2.0308975371479234 0.00039075669965411066 0.00073094484567706 28.119839159386252 0.8582796854054113 0.0016511159982622902 0.00130525865299475 0.0 0.0 7.0 3.3451593361267853 29.602114 0.00042156922 0.020535848224136604 4.00281509488813 558 969 563 972 2.5924240404963093 1.443548151959448 -1.844206911201472 4.230924095349443 7.598187371450505 10.810445701892277 6.761663458044484 0.852107398393175 -36.34955457626722
671.9054554760793 970.6065064717425 319.60219039741247 0.2926211482450949 516 1.5371046967772841 73 29.820401184280307 2.301662650033915 0.00034478850275468945 0.0007309448456770601 28.283296487503023 0.9977270908575719 0.0014203476406943602 0.0013052586529947497 0.0 0.0 8.0 1.7671109270477563 3.4028235e+38 0.0 0.0004165782908315396 4.520411443618372 671 969 673 972 0.42445568157613955 0.7018134269445733 -0.06008872044747238 2.384865081410118 1.4423627345006789 0.408380591422081 1.3166932506769873 0.24052166327590507 -78.28660280994794
708.2551632197623 970.4008162887783 319.6019379655943 0.29261971986042934 517 1.6131075752156718 73 28.58671991066612 0.7388719180699513 0.0010740519426216072 0.0007309448456770601 26.973612335450447 0.2986332108658752 0.004745350711153387 0.00130525865299475 0.0 0.0 10.0 2.7303806526943877 28.9167 0.0007925617 0.02815632364165398 3.4179751500299886 707 969 710 973 1.062348031278834 1.6264670997967456 0.9515294293809226 1.977549666413332 1.291662152362537 -2.3138453964299193 2.5767609359232906 0.6119158801040712 53.25563715243854
646.4038514993964 972.2072631664952 319.6023674941952 0.2926322645940455 518 1.1466672933957653 73 28.316013366816513 0.5758197323526382 0.0013781862176018363 0.00073094484567706 27.169346073420748 0.357628069998701 0.0039625505893917876 0.00130525865299475 0.0 0.0 10.0 3.1324191216124855 29.299341 0.0005571563 0.02360875203012164 3.6659056646415844 643 970 648 975 1.7046630868943509 1.8342857210330894 -1.3601877345137605 1.4367077578806615 1.3351805846989582 2.130739227746286 2.771164307403044 0.6391408487297041 -46.36400598900154
755.6105970712584 972.2942203666479 319.60160910412645 0.292632868516551 519 1.0334951806650423 73 28.687983157266636 0.8111001085123691 0.000978407980251777 0.0007309448456770601 27.654487976601594 0.5590985426566681 0.0025346503548778275 0.00130525865299475 0.0 0.0 5.0 1.179021268420091 30.97001 0.00011959386 0.010940855597745726 3.3399164137034356 755 970 756 973 0.2377682878290658 0.263601114793319 -0.2076232803276742 13.470645032997759 12.150526024748679 21.220088633339653 3.279126572713821 0.6950407439831165 -46.77991473471259
688.9535795534389 975.1783787066003 319.6020720061204 0.29265289736762645 520 1.3139311784716057 73 29.061791823985324 1.1444529058414519 0.000693420249012435 0.0007309448456770601 27.74786064551372 0.6093087681330988 0.0023257819248168796 0.00130525865299475 0.0 0.0 17.0 4.560729766180011 29.80881 0.00034848793 0.018677705710380566 4.079498001625892 686 971 692 977 4.559953224117305 2.9421533210313404 -0.595200898714423 0.2252483883499384 0.3491055708556622 0.09113600043988367 1.315768178746194 0.239987699844734 -18.1731003167187
899.7942994181881 972.0795910913283 319.6006078153564 0.29263137802702655 521 1.6040819853265305 73 29.10800046460495 1.1942118668461943 0.0006645276612828973 0.0007309448456770601 27.50391847927842 0.4866991203408938 0.002911694844576299 0.00130525865299475 0.0 0.0 5.0 1.7350282215562438 30.010736 0.00028934624 0.017013368157706713 4.238550402111892 899 971 901 973 0.5879379967227596 0.49780649377808633 -0.360681879143062 3.0617677412329987 3.6161231617307203 4.43676069400499 2.247790902167169 0.5551187616980444 -41.439015538020385
753.7635260055808 976.1553620327284 319.60162193117714 0.29265968199987485 522 0.4662360442199116 73 28.18192609050623 0.5089224775992178 0.0015593471577345869 0.0007309448456770601 27.71569004628632 0.5915196661340729 0.0023957264664049194 0.00130525865299475 0.0 0.0 11.0 2.3335375667627485 29.282545 0.0005658412 0.023792431486972253 2.7245576313222553 750 972 755 977 1.1671434090930348 0.7968686103651028 0.6860261476022851 1.7344795847990273 2.540426852398028 -2.986435485542114 2.4971179555906056 0.5995383406854382 37.44870229964088
430.7937360073577 975.3413878316288 319.6038648061961 0.2926540290933146 523 0.004644691937862433 72 29.125077912708925 1.2131440197413752 0.000654157137188679 0.0007309448456770601 29.120433220771062 2.1570810218931182 0.0006569615629517217 0.0013052586529947497 0.0 0.0 16.0 4.6502185749601175 29.201826 0.0006095121 0.02469532670571746 3.670081024306446 427 973 434 977 6.745501776936374 1.0538997792508535 -1.3393336886472234 0.19827782128940968 1.2690802504821785 0.5039571522697327 3.055719039910138 0.6727447821808226 -12.601659736656176
606.1174901153273 974.8229586343386 319.6026472642448 0.2926504291133651 524 2.143740121971099 73 29.89603393761105 2.4677136970064 0.0003215878810877817 0.0007309448456770601 27.752293815639952 0.6118017231465636 0.0023163048843144796 0.00130525865299475 0.0 0.0 9.0 2.121829705261083 30.525587 0.00018008487 0.013426842486408639 3.9981109766738565 605 973 608 976 0.7494143842322448 0.8743970602907467 -0.5097599738604598 2.2112534374918793 1.8951860756352423 2.5782531659470664 2.1078450797065016 0.5255818325418673 -48.4945012993289
637.457425553826 974.9357699962876 319.60242962296553 0.2926512125515048 525 1.210805575653751 73 29.33393579283524 1.4704677826429342 0.0005396832411555709 0.0007309448456770601 28.12313021718149 0.8608852293382344 0.0016461187522589333 0.00130525865299475 0.0 0.0 10.0 2.7590177011543933 29.676123 0.00039378938 0.01984959229775868 3.6437469838956096 635 973 639 977 1.4741105526121592 1.271402553685815 -1.0626515015023257 1.7066729128068578 1.9787789031353662 2.852910005741149 2.827251723265441 0.6462996231389639 -42.27585074523883
834.9348643269655 975.6494708506408 319.6010582339743 0.29265616887353935 526 1.6247961015728336 73 28.73792269935634 0.8492787865694617 0.0009344243980909531 0.0007309448456770601 27.113126597783506 0.33958133293482595 0.004173136689549365 0.00130525865299475 0.0 0.0 16.0 3.8395076942506083 27.84675 0.0021233088 0.04608314106528968 2.477199336266062 831 973 838 980 2.380085003986291 2.936902407800024 -2.3163167779333715 1.8075982421009926 1.4648894896304285 2.8512831238936367 3.915937169716717 0.7446332878542223 -48.4268815073489
562.882068671154 975.4742452284987 319.6029475141441 0.2926549518942693 527 1.1797920412111296 73 29.048550117183495 1.1305798567219878 0.0007019290271564862 0.0007309448456770603 27.868758075972366 0.6810772910525854 0.0020807026429647698 0.00130525865299475 0.0 0.0 6.0 2.705847807840216 29.10066 0.00066903397 0.025868206987576213 3.42097042721588 561 974 565 977 1.535407365087579 1.105306095392445 -1.205679577956521 4.5405150665556375 6.307339029018345 9.905683705121174 5.158342014737245 0.8061392600290894 -39.94340465344057
737.8489214406861 976.6448349884392 319.60173245070627 0.29266308111294104 528 1.0831485716626972 73 28.64190709677449 0.7773991032145248 0.0010208229153727136 0.0007309448456770601 27.55875852511179 0.5119134963156182 0.0027682788786695337 0.00130525865299475 0.0 0.0 13.0 3.463941987035927 28.921736 0.00078889274 0.028092253243252173 3.8393351861508593 736 974 740 980 2.160656600707002 2.167029649079566 -1.9734514310815836 2.7510976907997766 2.743006948401045 5.0106907187541845 4.6616245395819735 0.7854825090461546 -45.04625759358531
873.5200993613844 974.6969550074359 319.6007902774581 0.29264955417351846 529 1.5436174679461985 73 29.52520154014607 1.7537262905885163 0.0004525146388067616 0.0007309448456770601 27.981584072199873 0.7556606342659195 0.001875338287183703 0.00130525865299475 0.0 0.0 5.0 1.9846299967781933 30.811193 0.00013843161 0.011770304744912388 4.532753922927936 872 974 874 976 0.7187494464563264 0.7018565714928362 -0.6253321240764235 6.188187835803336 6.337130351420831 11.026961349997936 3.966102555318458 0.7478633025615988 -44.6130729787315
550.3469512508777 976.1312307336207 319.6030345647068 0.2926595142797284 530 0.48423499712041007 73 28.106051432942785 0.4745716270919109 0.0016722171610101108 0.0007309448456770601 27.621816435822375 0.5425249853701296 0.0026120812087384168 0.00130525865299475 0.0 0.0 6.0 1.5868069475079865 28.611029 0.0010502696 0.032409871502981316 2.5284333260382383 550 975 551 978 0.22657608039210206 0.681584682313999 0.18068718009250362 5.5967177785439475 1.860491308311251 -2.9673646706538275 2.1337044197801407 0.5313315233686206 70.77144656092146
800.1319430713431 975.9585409703719 319.60129992408025 0.2926583151943413 531 3.589851272041834 73 31.424372012603357 10.083934165066685 7.869813566423024e-05 0.0007309448456770601 27.834520740561523 0.6599354616491477 0.0021473604646355653 0.00130525865299475 0.0 0.0 5.0 1.8407366888013779 3.4028235e+38 0.0 0.0003293340557019259 5.015963144738087 799 975 801 977 0.8196176870322546 0.4024573832155531 -0.39870600264921957 2.3550019548473675 4.796038874393407 4.666101082038768 2.566573882170984 0.6103755255414149 -31.192005608557615
825.4794837732518 980.0557963277396 319.60112389719563 0.2926867683566714 532 0.7995901912863062 73 28.949471555665667 1.031976526474208 0.0007689969670753148 0.0007309448456770601 28.14988136437936 0.8823598035788037 0.001606056071240599 0.00130525865299475 0.0 0.0 12.0 3.5980968388158234 29.238207 0.0005894264 0.024283465372621334 3.803669125422071 824 975 830 982 2.227127388458343 2.4422636242260074 -2.210317849105157 4.410589845810586 4.022065983140562 7.983417813354732 6.111349488461547 0.8363700191114848 -46.39308932431632
610.7197284478073 977.9025187134935 319.6026153038422 0.2926718149513045 533 4.936781357778969 73 32.79123216194857 35.511912454360726 2.234705945424617e-05 0.0007309448456770601 27.854450804169602 0.6721612800523539 0.002108302518475956 0.00130525865299475 0.0 0.0 8.0 1.9145817824560882 3.4028235e+38 0.0 0.0004165782908315396 4.356171526598857 609 977 612 980 0.6960843997052756 0.6260097761490973 -0.4738567421958134 2.963844945878141 3.2956134370012347 4.486952005979045 2.472241974683898 0.5955088497646511 -42.88560191765028
490.9468607696278 978.5423384211226 319.6034470707191 0.29267625800816843 534 5.5734623663025005 73 33.73665388891305 84.82868841181248 9.355170211980745e-06 0.0007309448456770601 28.163191522610546 0.8932433232090583 0.0015864874471888234 0.00130525865299475 0.0 0.0 5.0 1.4958664767004135 3.4028235e+38 0.0 0.0003293340557019259 5.171822558288576 490 978 492 979 0.5588421047061426 0.24820745809684472 -0.2469007706462012 3.1924286578455376 7.187791873596749 6.3512442526810675 2.493288984534311 0.5989233473524622 -28.913662018755222
669.7075578120757 981.5670219234313 319.60220566079647 0.292697262934328 535 0.8199362536649986 73 28.474748194523613 0.6664697993263743 0.0011907318527466539 0.0007309448456770601 27.654811940858615 0.5592653925494242 0.0025338941733841765 0.00130525865299475 0.0 0.0 20.0 3.9950451338478903 28.493498 0.0011703433 0.03421661944889949 3.3487486347615483 667 978 674 983 3.9549705682728753 1.80152172842392 -1.3369216814968963 0.3375149430800103 0.7409634006477139 0.5009443273577618 1.9888277008567896 0.49719123503298013 -25.576435464075825
618.094472839708 980.4023919960466 319.6025640896735 0.2926891751887587 536 0.7391276050435565 73 28.807369890395783 0.9053763645340441 0.000876526989259331 0.0007309448456770601 28.068242285352227 0.8184461002975013 0.0017314754374677622 0.00130525865299475 0.0 0.0 6.0 1.2846766624851982 29.321985 0.00054565584 0.023362063037774113 1.3386357498462322 617 979 619 981 0.2719690736167441 0.3232847820654176 -0.14340934626265842 4.7995563356028965 4.037712143534048 4.258172822377591 1.7081217987507185 0.41456165436716674 -50.07182937780762
687.2063819683234 981.4570396556674 319.6020841395986 0.2926964991787855 537 0.35699016844095155 72 28.402229792557925 0.6234090657898479 0.001272979272359673 0.00073094484567706 28.045239624116974 0.8012887018377295 0.0017685502320278362 0.00130525865299475 0.0 0.0 13.0 2.7735887966030326 29.003473 0.00073168485 0.027054884935579324 3.4200568902823956 685 979 689 984 1.1648646571377426 1.6097245745559459 -0.9084525773100227 1.5333263157853965 1.1095796519167556 1.7306740115050823 2.266795968850045 0.5588486949236529 -51.87895786379898
813.5329409307288 979.7790091113568 319.6012068603811 0.29268484622349344 538 2.489752638990737 73 30.098341554153272 2.973156830012587 0.00026691724127725363 0.0007309448456770601 27.608588915162535 0.5359555044721424 0.002644098824868135 0.00130525865299475 0.0 0.0 7.0 1.5916396511637687 3.4028235e+38 0.0 0.0003896733097648733 4.260893262057998 813 979 815 981 0.3854605427928131 0.5282403457797386 -0.1839918702495559 3.1116377632324905 2.270583060859824 2.1676346995085973 1.587792617737732 0.37019482970969586 -55.60326944891423
884.2114474178508 980.3190818993403 319.6007160310153 0.29268859671837616 539 2.533944242994586 73 30.919880428983717 6.336265522905578 0.00012524519625681257 0.0007309448456770601 28.38593618598913 1.0966489925376866 0.0012922268922867775 0.00130525865299475 0.0 0.0 11.0 2.4550726553174136 3.4028235e+38 0.0 0.0004884813451291404 4.087886216005975 880 979 885 984 1.0464420028458687 1.1274764346561754 -0.9624252383550984 4.446299485537196 4.126733292050552 7.590812030534795 4.071455336784462 0.7543875795553302 -46.20533801670333
920.002781786038 983.9985673509956 319.60046747683754 0.2927141486871298 540 5.693984129889735 73 34.80317195808662 226.54265179097135 3.5030349149608212e-06 0.0007309448456770601 29.109187828196887 2.134854596515307 0.000663801329547007 0.00130525865299475 0.0 0.0 6.0 0.6937125296423124 3.4028235e+38 0.0 0.0003607673825252154 -9999.0 920 981 923 984 0.08880565510502893 0.08476392985453847 -0.0027778007150044636 11.272098758000316 11.80957650654754 0.7387964206781698 1.0403974079298146 0.03882882408386379 -26.981970290461604
