DrizzlePac/data/10/hst_16231_10_acs_sbc_f165lp_jec410_segment-cat.ecsv
# %ECSV 1.0
# ---
# datatype:
# - {name: X-Centroid, unit: pix, datatype: float64, format: 10.3f, description: Pixel Coordinate}
# - {name: Y-Centroid, unit: pix, datatype: float64, format: 10.3f, description: Pixel Coordinate}
# - {name: RA, unit: deg, datatype: float64, format: 13.7f, description: Sky coordinate at epoch of observation}
# - {name: DEC, unit: deg, datatype: float64, format: 13.7f, description: Sky coordinate at epoch of observation}
# - {name: ID, unit: '', datatype: int64, format: 7d, description: Catalog Object Identification Number}
# - {name: CI, unit: mag(AB), datatype: float64, format: 7.3f, description: Concentration Index}
# - {name: Flags, unit: '', datatype: int64, format: 5d, description: Numeric encoding for conditions on detected sources}
# - {name: MagAp1, unit: mag(AB), datatype: float64, format: 7.3f, description: ABMAG of source based on the inner (smaller) aperture}
# - {name: MagErrAp1, unit: mag(AB), datatype: float64, format: 7.3f, description: Error of MagAp1}
# - {name: FluxAp1, unit: electron / s, datatype: float64, format: 10.4f, description: Flux of source based on the inner (smaller) aperture}
# - {name: FluxErrAp1, unit: electron / s, datatype: float64, format: 10.4f, description: Error of FluxAp1}
# - {name: MagAp2, unit: mag(AB), datatype: float64, format: 7.3f, description: ABMAG of source based on the outer (larger) aperture}
# - {name: MagErrAp2, unit: mag(AB), datatype: float64, format: 7.3f, description: Error of MagAp2}
# - {name: FluxAp2, unit: electron / s, datatype: float64, format: 10.4f, description: Flux of source based on the outer (larger) aperture}
# - {name: FluxErrAp2, unit: electron / s, datatype: float64, format: 10.4f, description: Error of FluxAp2}
# - {name: MSkyAp2, unit: electron / (pix s), datatype: float64, format: 7.3f, description: Sky estimate from an annulus outside Aperture
#     2}
# - {name: Bck, unit: electron / s, datatype: float32, format: 10.4f, description: Background at the position of the source centroid}
# - {name: Area, unit: pix2, datatype: float64, format: 8.3f, description: Total unmasked area of the source segment}
# - {name: FWHM, unit: pix, datatype: float64, format: 8.3f, description: Circularized FWHM of 2D Gaussian function having the same second-order
#     central moments as the source}
# - {name: MagSegment, unit: mag(AB), datatype: float32, format: 7.3f, description: Magnitude corresponding to FluxSegment}
# - {name: FluxSegment, unit: electron / s, datatype: float32, format: 10.4f, description: Sum of unmasked data values in the source segment}
# - {name: FluxSegmentErr, unit: electron / s, datatype: float64, format: 10.4f, description: 'Uncertainty of FluxSegment, propagated
#     from the input error array'}
# - {name: KronRadius, unit: pix, datatype: float64, format: 8.4f, description: The unscaled first-moment Kron radius}
# - {name: Xmin, unit: pix, datatype: int64, format: 8.0f, description: Minimum X pixel within the minimal bounding box containing the
#     source segment}
# - {name: Ymin, unit: pix, datatype: int64, format: 8.0f, description: Minimum Y pixel within the minimal bounding box containing the
#     source segment}
# - {name: Xmax, unit: pix, datatype: int64, format: 8.0f, description: Maximum X pixel within the minimal bounding box containing the
[...]
#   h12.1: [and an undistorted a priori solution based on GSC240).]
#   h13: [Magnitude values in this table are in the ABMAG system.]
#   h14: ['Column titles in this table ending with Ap1 refer to the inner photometric aperture ']
#   h14.1: ['(radius = 2.8000000000000185 pixels, 0.07 arcsec.']
#   h15: ['Column titles in this table ending with Ap2 refer to the outer photometric aperture ']
#   h15.1: ['(radius = 5.000000000000032 pixels, 0.125 arcsec.']
#   h16: [CI = Concentration Index (CI) = MagAp1 - MagAp2.]
#   h17: ['Flag Value Identification:']
#   h17.1: ['    0 - Stellar Source (0.15 < CI < 0.45)']
#   h17.2: ['    1 - Extended Source (CI > 0.45)']
#   h17.3: ['    2 - Questionable Photometry (Single-Pixel Saturation)']
#   h17.4: ['    4 - Questionable Photometry (Multi-Pixel Saturation)']
#   h17.5: ['    8 - Faint Detection Limit']
#   h17.6: ['   16 - Hot pixels (CI < 0.15)']
#   h17.7: ['   32 - False Detection Swarm Around Saturated Source']
#   h17.8: ['   64 - False Detections Near Image Edge']
#   h17.9: ['  128 - Bleeding and Cosmic Rays']
#   h18: ['#=================================================================================================']
#   version: {Python: 3.8.12, astropy: 5.0.2, bottleneck: null, gwcs: null, matplotlib: 3.5.1, numpy: 1.22.3, photutils: 1.3.0, scipy: 1.8.0,
#     skimage: 0.19.2, sklearn: 1.0.2}
# schema: astropy-2.0
X-Centroid Y-Centroid RA DEC ID CI Flags MagAp1 MagErrAp1 FluxAp1 FluxErrAp1 MagAp2 MagErrAp2 FluxAp2 FluxErrAp2 MSkyAp2 Bck Area FWHM MagSegment FluxSegment FluxSegmentErr KronRadius Xmin Ymin Xmax Ymax X2 Y2 XY CXX CYY CXY Elongation Ellipticity Theta
[from data line 541]
575.5913343260942 985.8124276854825 319.60285925421414 0.2927267448413231 542 0.8584272531475108 73 28.488996708840652 0.6752737693847048 0.001175207530531926 0.0007309448456770601 27.63056945569314 0.546916406815357 0.0025911077120691134 0.00130525865299475 0.0 0.0 8.0 2.6633068148488404 28.778254 0.000900354 0.030008790152827404 3.0909968600860016 575 984 577 988 0.6102948464070599 1.9480374201579476 -0.833008362927286 3.9356337414641325 1.2329829832357886 3.365865343379915 3.3366476661013498 0.7002979936540819 -64.3815122953938
699.985682131883 988.3399014000631 319.601995393304 0.29274429683640196 543 0.6901447017162354 73 27.93361823337235 0.40488201897156223 0.001960044609951729 0.0007309448456770601 27.243473531656115 0.3828975453827355 0.0037010404914972236 0.0013052586529947497 0.0 0.0 21.0 3.3645880147202174 28.08684 0.0017020693 0.04126166384109116 3.1125542381433533 697 985 703 990 2.388055518610707 1.6949346551551048 -0.9527090138182494 0.5397978038580736 0.7605408978549969 0.6068319292554919 1.7242093914281245 0.4200240382801058 -35.0052389065634
961.4107840350076 986.0815897113172 319.6001799175125 0.2927286140976334 544 0.7330976916173313 73 28.470401632389134 0.6638070331954633 0.0011955083017595963 0.0007309448456770601 27.737303940771803 0.6034131159710084 0.0023485059937352884 0.00130525865299475 0.0 0.0 6.0 1.7240294471202209 29.50529 0.00046088907 0.0214713588478057 3.2015312513245893 961 985 962 987 0.2420405115904759 0.8299820032153116 0.2658218071071416 6.3732974225016035 1.8585899003648314 -4.08240523654142 2.5835933892403466 0.6129421896786824 68.93933505343784
631.8859206025766 987.2273925037706 319.60246831448643 0.2927365710367987 545 1.9831887351810806 73 29.793561178273187 2.2454617829421384 0.00035341809198452686 0.0007309448456770601 27.810372443092106 0.645419595500836 0.0021956558639294743 0.00130525865299475 0.0 0.0 6.0 2.0654192319390194 3.4028235e+38 0.0 0.0003607673825252154 4.305018200290413 631 986 633 989 0.7643210808831368 0.7742975283051018 -0.5881762758731753 3.14933565070326 3.108757991102386 4.7846323842980585 2.7377735935734724 0.634739701505137 -45.24295209261098
594.4960018977667 988.2488180348254 319.6027279700894 0.29274366423734716 546 0.18380259348992922 72 27.993293878864627 0.4277585984618504 0.0018552211967338402 0.0007309448456770601 27.809491285374698 0.6448960007831886 0.0021974385293681326 0.00130525865299475 0.0 0.0 5.0 1.571052217225502 29.488901 0.0004679002 0.02163350754285709 3.383675525846776 594 987 596 989 0.4766465990666016 0.4135702042590913 -0.2815243233800487 3.5086713598678907 4.043802608844868 4.776825411392289 2.121597280832982 0.5286570127920887 -41.8040012953958
781.0000610089659 990.9999389910341 319.60143278610764 0.29276276934528433 547 0.10049886391016116 72 28.456745766963742 0.6555102747251246 0.001210639786362402 0.0007309448456770601 28.35624690305358 1.067067593719639 0.0013280501890386653 0.00130525865299475 0.0 0.0 7.0 0.6800267680578324 32.169876 3.960624e-05 0.0063054011770619115 4.0516744243842915 781 987 784 991 0.0833943385771278 0.0833943385771278 -6.100524379446878e-05 11.991228088076607 11.991228088076607 0.017543823846784434 1.000731795163453 0.0007312600308991835 -45.0
883.0815563410687 988.8651084968957 319.60072387758095 0.2927479441256343 548 1.0426974094885253 73 28.903643286051754 0.9893239231548644 0.0008021506408345082 0.0007309448456770601 27.86094587656323 0.6761943228382772 0.002095727916803772 0.00130525865299475 0.0 0.0 10.0 3.2661836217444424 30.437445 0.0001953148 0.01398326585435174 3.6283303259102047 880 987 885 992 2.320663625810261 1.5269879805678195 -1.733826226414222 2.8410554463361435 4.3177380026074115 6.451781554590684 5.050280747747862 0.8019912060441505 -38.55410386137386
988.4130365694265 988.8964520211632 319.59999239942056 0.2927481617338682 549 4.094477330842473 73 32.11217200879136 18.999842467070494 4.176807362097798e-05 0.0007309448456770601 28.01769467794889 0.7812158404888132 0.0018139920443365522 0.00130525865299475 0.0 0.0 13.0 2.0696233720251134 3.4028235e+38 0.0 0.0005310352084722876 4.991413670614226 986 987 990 992 0.5815097981537444 0.9633788712960787 -0.2678948844483324 1.972332089303715 1.1905289490106181 1.0969260233970162 1.575954329888134 0.3654638455982522 -62.7391510715225
492.59057991102736 991.3025349350341 319.60343565587146 0.29276487048613353 550 1.223858957776315 73 27.88009539194355 0.38540678263032213 0.002059088876266051 0.0007309448456770601 26.656236434167234 0.22293986985049488 0.006356509136327794 0.00130525865299475 0.0 0.0 12.0 3.292820084741991 27.805101 0.002206337 0.04697443190919869 3.0742054790252684 491 989 495 993 2.279827300750201 1.63083713480345 -1.5997110842812385 1.4071660265833474 1.967146476879521 2.760617896305958 3.332530651207875 0.6999277412084566 -39.26667926946926
813.1268952026418 994.8720474195914 319.60120968018 0.29278965898949433 551 0.5200865368491492 73 28.386264374339845 0.6143090965930008 0.001291836346479109 0.0007309448456770601 27.866177837490696 0.6794606411422087 0.002085653286957356 0.00130525865299475 0.0 0.0 23.0 5.875199893485396 28.639833 0.0010227714 0.03198859683761356 2.9732723066001117 810 989 818 998 5.0148710487703605 7.434856352748516 -5.7757576967542565 1.8940046489801219 1.2775215323286766 2.9427096933732253 6.12028919205164 0.8366090280017012 -50.916033418645625
799.5860754851858 991.0995449248238 319.60130371487776 0.29276346105506357 552 0.9253203968055104 73 28.405116847462708 0.6250689636908794 0.0012695988203695928 0.0007309448456770601 27.479796450657197 0.4760052578322335 0.0029771085428973543 0.00130525865299475 0.0 0.0 10.0 1.9354376533902105 29.846663 0.00033654814 0.01835115925940618 4.201003736682797 798 990 801 995 0.7433024962015349 0.6077521626136886 -0.18410885602825477 1.4544827370241522 1.7788840840362363 0.8812248455842193 1.3485450977072142 0.25846009770070555 -34.89502576369066
1004.940111087108 992.6581477644286 319.59987762656857 0.29277428460798244 553 2.7119995746790977 73 31.392517812332223 9.792381427413252 8.104124873342658e-05 0.0007309448456770601 28.680518237653125 1.4384688597938504 0.0009851581491722315 0.0013052586529947497 0.0 0.0 17.0 2.4046581692589695 3.4028235e+38 0.0 0.0006072619935688956 4.300129619949787 1001 991 1006 995 0.8624091587481629 1.2231439074537065 -0.6799609056717848 2.064365098539967 1.4555338559361655 2.295212449633342 2.268619474004054 0.5592032901687888 -52.42810996477367
990.1244970222017 993.8446133205924 319.59998051411964 0.29278252396379656 554 0.0021851905449921105 72 29.1723087047475 1.2670818747328154 0.0006263106076858094 0.0007309448456770601 29.17012351420251 2.2580969038069316 0.0006275724116034502 0.00130525865299475 0.0 0.0 7.0 1.348341938859012 29.283884 0.00056514476 0.02377596741805664 1.096300515987197 990 992 991 996 0.10899751366462625 0.5467167541974399 -0.08795345976318834 10.543191981205881 2.1019690785354146 3.3922875221039055 2.4755683857937907 0.5960523628680328 -79.0531038970819
472.6833673389859 996.1009528554325 319.60357390221475 0.29279819280438935 555 0.4452181461365612 72 27.901985104483195 0.393255892162968 0.002017990918296823 0.0007309448456770601 27.456766958346634 0.4660150611925459 0.0030409302993983736 0.0013052586529947497 0.0 0.0 11.0 2.3761920139519734 28.107416 0.0016701146 0.04086995532423235 3.1094382525644706 471 994 475 997 1.2872617046131805 0.749206395353659 -0.4950354475517097 1.041483536714586 1.7894426437256044 1.3763130478133996 1.8648137911100222 0.46375342955569077 -30.73903708917161
521.6934243405886 996.3464138642179 319.6032335501534 0.29279989746152607 556 1.1119546364852297 73 29.459704089934057 1.6510599111633135 0.0004806529512260001 0.0007309448456770601 28.347749453448827 1.0587488484291245 0.0013384848745375197 0.00130525865299475 0.0 0.0 12.0 3.0373163506028513 29.251955 0.00058200944 0.02413026538028084 2.5956846571383094 520 994 525 998 1.98353232160534 1.3437879331589346 -1.446191301254639 2.341185654010207 3.4557665692766273 5.039191443686319 4.150937145219232 0.7590905462994707 -38.76398679822729
564.8354002452232 994.741700982953 319.6029339491851 0.2927887536723334 557 5.520865566047853 73 33.783895309199 88.60114212922828 8.956846377827799e-06 0.0007309448456770601 28.26302974315115 0.9792759004707354 0.0014471093579196573 0.00130525865299475 0.0 0.0 6.0 1.6235160117801257 3.4028235e+38 0.0 0.0003607673825252154 5.198470527430462 564 994 566 996 0.4634825671632514 0.4871828594699362 -0.12043395503767743 2.3056843474514075 2.193518264553907 1.1399526056157365 1.2973402278243689 0.22919217445604567 -47.80977586221048
607.3000989579816 996.7612037283161 319.6026390515957 0.2928027780385801 558 0.6045110891989438 73 28.60902870031611 0.7542106778855903 0.0010522084110190324 0.0007309448456770601 28.004517611117166 0.7717918959529912 0.001836141746223667 0.00130525865299475 0.0 0.0 10.0 3.807744286890211 28.471712 0.0011940635 0.03455836253843089 3.0715372485239985 605 994 610 999 3.2588421185068586 1.9705366342972652 -2.4051057103669207 3.092812031178481 5.114843305323047 7.549760555384566 6.395036078766145 0.843628716447689 -37.50326066069905
776.7519253545415 994.7427649831583 319.6014622874354 0.29278876119178426 559 4.831711925652627 73 33.34650849384513 59.22220784218117 1.3400155918981968e-05 0.0007309448456770603 28.5147965681925 1.2348431498051484 0.0011476107874753274 0.00130525865299475 0.0 0.0 5.0 1.699515693525379 3.4028235e+38 0.0 0.0003293340557019259 4.831435881435495 776 994 778 996 0.5430010929457402 0.498752258126737 -0.39589077179310955 4.3714337721843135 4.759263296273291 6.939759215978327 2.71594664183412 0.6318042539581393 -43.40067181791051
576.5577762244263 996.4068318758782 319.60285254273526 0.2928003170935714 560 0.8914598122576649 73 27.897713795180856 0.39171185425650457 0.002025945373692776 0.0007309448456770601 27.00625398292319 0.30774766237998236 0.004604809370758611 0.00130525865299475 0.0 0.0 5.0 1.7665523406566725 28.692827 0.0009740519 0.03121154155535821 3.5480156157118645 576 995 577 998 0.24666190789103468 0.8788952824875537 -0.04771498280254437 4.097160479600537 1.1498678408804939 0.44486742782391164 1.905354813590546 0.4751633696426599 -85.70825514552772
866.7092280863219 996.0299636057048 319.6008375757874 0.2927977000681588 561 3.4675474287887695 73 31.23445856018492 8.465734042703996 9.374105245315607e-05 0.0007309448456770601 27.76691113139615 0.6200941327781758 0.002285329347025674 0.00130525865299475 0.0 0.0 6.0 2.1042764231476916 3.4028235e+38 0.0 0.0003607673825252154 4.742173169172708 864 995 868 998 0.9836911062998036 0.6133648253993582 -0.7021342986168614 5.557403811059443 8.912752209904486 12.72340266486034 4.589353986918848 0.7821044088448341 -37.613302273561146
952.190566910941 996.5044544072755 319.6002439476276 0.2928009951080881 562 4.496527256942109 73 32.26337197632131 21.838861151592827 3.63382876718232e-05 0.0007309448456770601 27.7668447193792 0.6200562041888917 0.0022854691397051065 0.00130525865299475 0.0 0.0 7.0 1.591431925105578 3.4028235e+38 0.0 0.0003896733097648733 4.480805031694981 949 996 953 999 0.6136197584836234 0.29984265010588057 -0.35074786157420956 4.918250060076917 10.065063835851138 11.506473082798934 3.4059493170621162 0.7063961007903152 -32.950581664205735
962.1305667296135 998.5877414184429 319.60017491894837 0.29281546237287637 563 0.7429935930655986 73 28.845757216860456 0.9379594932762012 0.0008460779219576558 0.00073094484567706 28.102763623794857 0.8448869830590472 0.0016772886172603761 0.00130525865299475 0.0 0.0 5.0 1.223988743864691 29.407633 0.000504267 0.022458304659611683 3.5150213593219566 962 996 964 999 0.15754716090024729 0.38279567216776533 -0.1690006402879159 12.05763706779056 4.962559990394664 10.646663653620633 2.656124623115255 0.6235116412470351 -61.84000591270603
803.4124359737401 997.8856435932868 319.6012771425834 0.2928105867404432 564 1.8633722281998644 73 29.474898938517953 1.674328894211035 0.0004739730776285339 0.0007309448456770601 27.61152671031809 0.5374076616221874 0.002636954068125427 0.00130525865299475 0.0 0.0 5.0 1.465033644646675 3.4028235e+38 0.0 0.0003293340557019259 4.75109936850157 803 997 804 999 0.24233254130515722 0.5317900549278877 -0.1359397942978852 4.817357464596271 2.1952318700831803 2.4628914238924664 1.762589313694905 0.4326528634718054 -68.3967979388669
554.8198245558028 999.273693794592 319.60300350270717 0.29282022583366335 565 1.3688199823247231 73 29.017895336936725 1.0991053741151793 0.0007220297868077036 0.0007309448456770601 27.649075354612002 0.5563182554381693 0.0025473176652098966 0.00130525865299475 0.0 0.0 9.0 2.6889173176007657 29.492064 0.0004665383 0.02160401662931335 3.7591979322140756 553 998 557 1001 1.672463187184034 0.9353077681318561 -1.049290292347454 2.0189794615678474 3.6102221538235293 4.530050153872719 3.5496908763954185 0.7182853282662564 -35.32273518704261
1053.275201594513 999.1232109786598 319.5995419618293 0.2928191808355484 566 3.915682388491568 73 32.07553024165647 18.369329029338562 4.3201731412405294e-05 0.0007309448456770601 28.159847853164905 0.8904966927428457 0.0015913807778347702 0.00130525865299475 0.0 0.0 5.0 1.7779248351392625 3.4028235e+38 0.0 0.0003293340557019259 4.42796888107301 1052 998 1054 1000 0.5330593987955173 0.6070363875176467 -0.4502078958012672 5.021008192700963 4.409118898940362 7.447650848347572 2.9386130042699947 0.6597034047875867 -47.34839885080768
732.1392800199394 1001.8426864357152 319.60177210152 0.2928380661904248 567 1.5868660750999766 73 28.827186781896252 0.9220530512755186 0.0008606737083661064 0.0007309448456770601 27.240320706796275 0.3817872777065458 0.0037118034107088407 0.00130525865299475 0.0 0.0 11.0 3.331892213180757 29.0773 0.0006835868 0.02615005494889371 2.490172019525929 728 1000 734 1005 2.443614239139024 1.5604075731139055 -1.7817309120604097 2.443982834087397 3.827302146239558 5.581259459474124 4.802812706737515 0.791788674457954 -38.03985728169324
802.9756804868657 1002.7338821466186 319.60128017564745 0.2928442550636951 568 0.8701850715794919 73 28.807107917134495 0.9051579359825195 0.000876738508722427 0.00073094484567706 27.936922845555003 0.7252075349817819 0.001954087969579632 0.00130525865299475 0.0 0.0 11.0 3.238552138452813 30.296198 0.00022245085 0.014922783259818771 4.576471488169557 802 1000 806 1005 1.7632885289139097 2.0195371997446805 -1.2936324064042415 1.0699296897015595 0.9341718235413992 1.370705842256291 2.3228944807049445 0.5695026148167853 -47.82812970446176
543.5942938665065 1002.9637362751278 319.6030814588036 0.2928458511158489 569 0.7649269036401094 73 27.551092450840954 0.2846545807019969 0.0027878940749679532 0.0007309448456770601 26.786165547200845 0.2512808476871299 0.005639583488355855 0.00130525865299475 0.0 0.0 15.0 3.4065067997457072 27.834143 0.002148108 0.04635119683999801 3.2187848022066654 541 1001 546 1005 2.4330803394062577 1.752282056261082 -1.414361782735962 0.7743100542099737 1.0751457294054372 1.2499751906374879 2.3581375839799312 0.575936532798796 -38.233897581054386
