DrizzlePac/data/10/hst_16231_10_acs_sbc_f165lp_jec410_segment-cat.ecsv
# %ECSV 1.0
# ---
# datatype:
# - {name: X-Centroid, unit: pix, datatype: float64, format: 10.3f, description: Pixel Coordinate}
# - {name: Y-Centroid, unit: pix, datatype: float64, format: 10.3f, description: Pixel Coordinate}
# - {name: RA, unit: deg, datatype: float64, format: 13.7f, description: Sky coordinate at epoch of observation}
# - {name: DEC, unit: deg, datatype: float64, format: 13.7f, description: Sky coordinate at epoch of observation}
# - {name: ID, unit: '', datatype: int64, format: 7d, description: Catalog Object Identification Number}
# - {name: CI, unit: mag(AB), datatype: float64, format: 7.3f, description: Concentration Index}
# - {name: Flags, unit: '', datatype: int64, format: 5d, description: Numeric encoding for conditions on detected sources}
# - {name: MagAp1, unit: mag(AB), datatype: float64, format: 7.3f, description: ABMAG of source based on the inner (smaller) aperture}
# - {name: MagErrAp1, unit: mag(AB), datatype: float64, format: 7.3f, description: Error of MagAp1}
# - {name: FluxAp1, unit: electron / s, datatype: float64, format: 10.4f, description: Flux of source based on the inner (smaller) aperture}
# - {name: FluxErrAp1, unit: electron / s, datatype: float64, format: 10.4f, description: Error of FluxAp1}
# - {name: MagAp2, unit: mag(AB), datatype: float64, format: 7.3f, description: ABMAG of source based on the outer (larger) aperture}
# - {name: MagErrAp2, unit: mag(AB), datatype: float64, format: 7.3f, description: Error of MagAp2}
# - {name: FluxAp2, unit: electron / s, datatype: float64, format: 10.4f, description: Flux of source based on the outer (larger) aperture}
# - {name: FluxErrAp2, unit: electron / s, datatype: float64, format: 10.4f, description: Error of FluxAp2}
# - {name: MSkyAp2, unit: electron / (pix s), datatype: float64, format: 7.3f, description: Sky estimate from an annulus outside Aperture
#     2}
# - {name: Bck, unit: electron / s, datatype: float32, format: 10.4f, description: Background at the position of the source centroid}
# - {name: Area, unit: pix2, datatype: float64, format: 8.3f, description: Total unmasked area of the source segment}
# - {name: FWHM, unit: pix, datatype: float64, format: 8.3f, description: Circularized FWHM of 2D Gaussian function having the same second-order
#     central moments as the source}
# - {name: MagSegment, unit: mag(AB), datatype: float32, format: 7.3f, description: Magnitude corresponding to FluxSegment}
# - {name: FluxSegment, unit: electron / s, datatype: float32, format: 10.4f, description: Sum of unmasked data values in the source segment}
# - {name: FluxSegmentErr, unit: electron / s, datatype: float64, format: 10.4f, description: 'Uncertainty of FluxSegment, propagated
#     from the input error array'}
# - {name: KronRadius, unit: pix, datatype: float64, format: 8.4f, description: The unscaled first-moment Kron radius}
# - {name: Xmin, unit: pix, datatype: int64, format: 8.0f, description: Minimum X pixel within the minimal bounding box containing the
#     source segment}
# - {name: Ymin, unit: pix, datatype: int64, format: 8.0f, description: Minimum Y pixel within the minimal bounding box containing the
#     source segment}
# - {name: Xmax, unit: pix, datatype: int64, format: 8.0f, description: Maximum X pixel within the minimal bounding box containing the
[...]
#   h12.1: [and an undistorted a priori solution based on GSC240).]
#   h13: [Magnitude values in this table are in the ABMAG system.]
#   h14: ['Column titles in this table ending with Ap1 refer to the inner photometric aperture ']
#   h14.1: ['(radius = 2.8000000000000185 pixels, 0.07 arcsec.']
#   h15: ['Column titles in this table ending with Ap2 refer to the outer photometric aperture ']
#   h15.1: ['(radius = 5.000000000000032 pixels, 0.125 arcsec.']
#   h16: [CI = Concentration Index (CI) = MagAp1 - MagAp2.]
#   h17: ['Flag Value Identification:']
#   h17.1: ['    0 - Stellar Source (0.15 < CI < 0.45)']
#   h17.2: ['    1 - Extended Source (CI > 0.45)']
#   h17.3: ['    2 - Questionable Photometry (Single-Pixel Saturation)']
#   h17.4: ['    4 - Questionable Photometry (Multi-Pixel Saturation)']
#   h17.5: ['    8 - Faint Detection Limit']
#   h17.6: ['   16 - Hot pixels (CI < 0.15)']
#   h17.7: ['   32 - False Detection Swarm Around Saturated Source']
#   h17.8: ['   64 - False Detections Near Image Edge']
#   h17.9: ['  128 - Bleeding and Cosmic Rays']
#   h18: ['#=================================================================================================']
#   version: {Python: 3.8.12, astropy: 5.0.2, bottleneck: null, gwcs: null, matplotlib: 3.5.1, numpy: 1.22.3, photutils: 1.3.0, scipy: 1.8.0,
#     skimage: 0.19.2, sklearn: 1.0.2}
# schema: astropy-2.0
X-Centroid Y-Centroid RA DEC ID CI Flags MagAp1 MagErrAp1 FluxAp1 FluxErrAp1 MagAp2 MagErrAp2 FluxAp2 FluxErrAp2 MSkyAp2 Bck Area FWHM MagSegment FluxSegment FluxSegmentErr KronRadius Xmin Ymin Xmax Ymax X2 Y2 XY CXX CYY CXY Elongation Ellipticity Theta
[from data line 838]
744.3217212281983 1173.234664119932 319.6016875001801 0.2940282882604148 839 1.1564295732354353 73 28.67113264343118 0.7986090988567326 0.00099371121627297 0.0007309448456770601 27.514703070195743 0.49155758022250023 0.002882916216885417 0.00130525865299475 0.0 0.0 10.0 3.039651185643545 28.162409 0.0015876343 0.03984784892325205 2.7658725569259013 743 1171 747 1175 2.054888228486194 1.2775495240991517 -1.4053843047823804 1.9651087971208583 3.1608003124150654 4.323484935131325 3.8749417720724364 0.7419316059902573 -37.27041302678924
929.4631993326958 1171.8922016938604 319.6004017785432 0.29401896558642276 840 -9999.0 89 1.7976931348623157e+308 1.7976931348623157e+308 0.0 0.0007309448456770601 29.803602498490072 4.047008988641179 0.0003501646088590011 0.00130525865299475 0.0 0.0 5.0 1.576787021967754 3.4028235e+38 0.0 0.0003293340557019259 5.628093520463515 928 1171 930 1173 0.6116042465399071 0.28512352729214707 -0.2468118986291323 2.512839987741403 5.39016763005744 4.3503867549322575 2.209527751321912 0.547414600517363 -28.25975808934265
608.9935149260497 1175.93729886839 319.60262729176645 0.2940470564769188 841 1.6443863075522458 73 28.860762338565735 0.951012295758871 0.0008344653612688916 0.0007309448456770601 27.21637603101349 0.37345956068461444 0.0037945723412692424 0.00130525865299475 0.0 0.0 17.0 3.076345376918383 28.546274 0.0011148138 0.033394349984254015 3.5349752628159132 607 1173 612 1178 2.0831133552614087 1.3302673608088345 -0.8721762886554401 0.6616908279654788 1.0361653915576654 0.8676617461641385 1.8736531565159722 0.46628328913368156 -33.32771561813229
639.5277716717804 1175.9928242119702 319.60241524552475 0.29404744209461764 842 0.7361564919793508 73 29.050414590413496 1.1325230053651394 0.0007007246786088217 0.00073094484567706 28.314258098434145 1.0265885331974918 0.0013804160807665863 0.00130525865299475 0.0 0.0 5.0 1.6274599132561232 29.327692 0.00054279575 0.023300304355528153 3.003602406419937 639 1175 641 1177 0.4735788717636715 0.4817109438552808 -0.35285700302321016 4.648819354924091 4.570339647088204 6.810592477083599 2.580066885961616 0.612413148883429 -45.330100284534154
577.6710602476938 1176.95446956625 319.6028448116781 0.2940541201324545 843 0.3413446110795917 72 28.16722255075353 0.5020768727972207 0.0015806081935825372 0.0007309448456770601 27.825877939673937 0.6547030218519828 0.0021645223441122082 0.00130525865299475 0.0 0.0 5.0 1.430405764991106 29.141993 0.0006440451 0.02538017996815553 3.0153736361452967 577 1176 579 1178 0.31642473611115746 0.4215356530759273 -0.06281994182625261 3.256661680232107 2.4446053501081937 0.9706571475372562 1.253242444939668 0.20206979580224738 -64.95800544535426
957.4487238598902 1177.2212052207824 319.6002074320609 0.2940559725396533 844 0.8340395961696743 73 28.57204591339056 0.7289530576024384 0.001088666561824611 0.0007309448456770601 27.738006317220886 0.6038035978189111 0.0023469872068920886 0.00130525865299475 0.0 0.0 9.0 1.875154034786711 29.20516 0.0006076445 0.0246544063059367 3.3773455853683667 956 1176 958 1179 0.41554769658311597 0.8526543364022836 -0.2536462026369594 2.9403683581211113 1.4330112991375552 1.7493918380529185 1.799289651202611 0.4442251144324545 -65.3748553932062
567.3792678499118 1179.2183138384003 319.6029162834022 0.2940698412624529 845 0.8728335102192091 73 28.779099143510358 0.882106158190121 0.0008996500155716427 0.0007309448456770601 27.90626563329115 0.7050167300218589 0.0020100506260503385 0.00130525865299475 0.0 0.0 14.0 3.4716807135509185 28.990892 0.00074021134 0.02721240596587163 3.1126072861856806 565 1177 569 1183 1.7157979444621767 2.6312467074056203 -1.7754767481283722 1.9313745094352535 1.2594214004900635 2.606453073198293 3.433028340926417 0.7087119881654849 -52.22813989622493
948.6602140240209 1178.9273252382038 319.60026846418197 0.2940678206005931 846 1.5825561165752902 73 28.90420168645513 0.9898328690304464 0.0008017381961955986 0.0007309448456770601 27.32164556987984 0.41148252631591714 0.003443935596109376 0.00130525865299475 0.0 0.0 5.0 1.7173564158138588 29.408545 0.00050384365 0.0224488774015574 4.103655130090996 948 1178 950 1180 0.5246937828773589 0.539046048162017 -0.41070147673510093 4.7219128363727245 4.596190468293544 7.195290946015165 2.7899035373751895 0.6415646682390945 -45.500509861582046
545.2556322823277 1179.7318771214545 319.6030699217842 0.2940734076494829 847 6.59023233368363 73 34.442297959699644 162.4801758679792 4.884207040718624e-06 0.0007309448456770601 27.852065626016014 0.670686276569237 0.002112939192382754 0.00130525865299475 0.0 0.0 5.0 1.2436645624659435 3.4028235e+38 0.0 0.0003293340557019259 5.3199385327463435 544 1179 546 1181 0.20281304758555613 0.3550416142065232 0.06227654887385883 5.211336738140155 2.9769104340596404 -1.8282029716220152 1.4454064011144063 0.30815305700251405 70.35502012545449
574.7216110245118 1180.534859206657 319.60286529423774 0.2940789839463047 848 1.585386447553617 73 29.075067190643416 1.15853210361957 0.0006849933778029999 0.0007309448456770601 27.4896807430898 0.4803584854311562 0.0029501286279650786 0.00130525865299475 0.0 0.0 6.0 1.9511494737451323 32.889908 2.0405634e-05 0.004531642884875454 4.4215947852328625 574 1179 576 1182 0.37368875708464905 0.9993905742849567 -0.3996208608320797 4.675201109836992 1.7481354505527027 3.7388943625226583 2.5825997797623357 0.6127932760483603 -64.02815090263624
842.3969505431656 1180.7089411803363 319.60100641323027 0.29408019297091026 849 1.5262997279202324 73 29.019451033307 1.100681355292659 0.0007209959677572427 0.0007309448456770601 27.493151305386768 0.48189641089827157 0.0029407135797397633 0.00130525865299475 0.0 0.0 6.0 1.4394279244810104 31.3436 8.477625e-05 0.009214466924812424 3.768621036957486 842 1180 843 1182 0.23938080944615492 0.5079181798182619 -0.05303597244930836 4.276375634587895 2.0154471755071817 0.8930640774466836 1.5030793689961885 0.33469913789859507 -79.22301923789374
558.6415255525679 1181.9979214341945 319.6029769629703 0.29408914408345205 850 1.0329095878218766 73 28.799815553485736 0.8990987999261105 0.0008826469560595594 0.0007309448456770601 27.76690596566386 0.6200911824918661 0.002285340220226384 0.00130525865299475 0.0 0.0 8.0 1.7369105859873735 29.1243 0.0006546244 0.025589020543456607 3.8127903885759458 558 1181 560 1183 0.49561442900752817 0.5924872283049532 -0.14281965039136768 2.1683149883200286 1.8137913249525353 1.045349076827148 1.329288578464477 0.2477179024925149 -54.36702433800029
668.4794262897673 1183.811630891036 319.60221418972503 0.2941017393831397 851 0.7292588518225074 73 28.99956983379444 1.0807099005226009 0.0007343199304159498 0.0007309448456770601 28.27031098197193 0.9858652581819843 0.0014374371221577312 0.00130525865299475 0.0 0.0 11.0 2.3511794739972984 29.36439 0.00052475696 0.02291278262072226 3.0856755811687626 668 1182 670 1187 0.33404101964321664 1.6597797279505668 0.06662190182673577 3.0178030796859328 0.6073516870009341 -0.24226320772758045 2.242557614477902 0.5540805758817422 87.1303709026254
609.0085226479629 1185.8091234042147 319.6026271875535 0.2941156108138411 852 1.8018585257992754 73 28.871493006729345 0.9604580464376847 0.0008262587021837949 0.0007309448456770603 27.06963448093007 0.3262473268870717 0.004343696339455147 0.00130525865299475 0.0 0.0 16.0 3.368358781120893 28.287268 0.0014151649 0.03762328966386832 3.6067587154416927 607 1183 611 1188 1.8446936338923396 2.2474534585868913 -1.7239674248701227 1.914682737130911 1.5715578191904942 2.937414036462669 3.4905780631298597 0.7135145004883975 -48.33131724387556
1025.164528970967 1186.2637262975181 319.5997371772135 0.2941187677729285 853 1.3454825204351053 73 29.492328653608865 1.7014244052548757 0.0004664249651648225 0.0007309448456770601 28.14684613317376 0.8798965661833641 0.0016105521649019399 0.00130525865299475 0.0 0.0 9.0 2.6574512287247853 3.4028235e+38 0.0 0.00044184800151312513 4.686729379005381 1023 1185 1026 1188 1.125008333265317 1.4220867250114608 -1.0790559880985613 3.265429602855561 2.5832710834665535 4.955508415490206 3.5803894422010254 0.7207007739958993 -48.91894162882666
759.3617839269249 1188.314633141612 319.6015830539286 0.29413301027136696 854 0.5875332870726382 73 29.41584150796401 1.5856882197449003 0.0005004683827942253 0.0007309448456770601 28.828308220891373 1.648224851177435 0.0008597851916527403 0.00130525865299475 0.0 0.0 8.0 2.34861691253788 29.916422 0.00031560546 0.017770171538527637 4.1303425239283635 758 1187 761 1191 1.0196593391420115 0.969817627857613 -0.7960299165262622 2.730188897569465 2.8705011406920518 4.481898406062444 3.005282513426958 0.6672525809030552 -44.10342964734037
704.3762790582643 1189.7226974906011 319.6019649027442 0.2941427884764543 855 1.226852161658492 73 28.104168124082676 0.47374915268645984 0.0016751202919339082 0.0007309448456770601 26.877315962424184 0.2732873658222658 0.0051854549341956505 0.00130525865299475 0.0 0.0 14.0 2.7699387870583974 28.303392 0.0013943015 0.03734441309620145 3.1683626003285603 702 1188 707 1192 1.6460863482461592 1.1212050363384316 -0.9089775388076721 1.0999106152111198 1.6148231494774976 1.7834276720484727 2.307521119804091 0.5666345190006754 -36.94773748013559
968.2097693910678 1190.3010189434128 319.6001327015853 0.2941468045722944 856 5.3047909238251805 73 33.02109420149179 43.88528036120804 1.808321178353614e-05 0.0007309448456770601 27.71630327766661 0.5918538549339168 0.0023943737254438057 0.00130525865299475 0.0 0.0 7.0 2.2213020973892923 3.4028235e+38 0.0 0.0003896733097648733 3.929278115772408 967 1189 970 1192 0.8634345034972399 0.916195835574502 -0.7648733636163023 4.446606421912202 4.190537938588128 7.424375179512092 3.6463285545440285 0.7257515374598356 -45.987681082478844
746.873791486522 1191.194473703827 319.6016697772418 0.2941530091608233 857 1.1297122903275252 73 28.788855622054868 0.8900685287402328 0.0008916019310050151 0.0007309448456770601 27.659143331727343 0.5615009589242231 0.0025238056979839394 0.00130525865299475 0.0 0.0 6.0 1.8804122467193884 29.102568 0.0006678617 0.025845538766236534 3.415357196401079 746 1190 748 1192 0.5702445652933793 0.705079895651485 -0.4257922635543819 3.1937460836706406 2.5829928755200378 3.857356826002135 2.2746296847587457 0.5603679989316313 -49.49860825548626
802.4787694932918 1190.8291944852074 319.6012836264726 0.29415047250905 858 4.270060114987487 73 32.03972536909655 17.773433935009592 4.4650168439785856e-05 0.0007309448456770601 27.769665254109064 0.6216690855313407 0.002279539633767035 0.00130525865299475 0.0 0.0 6.0 2.0578385989544032 3.4028235e+38 0.0 0.0003607673825252154 4.857338659793555 801 1190 804 1191 1.3857140730663573 0.14163099090898185 0.16780083571452578 0.8425253811119959 8.2432472584533 -1.9964057605463876 3.4339931506694983 0.7087938280234957 7.548332035886819
570.0917929263459 1194.0067927075356 319.60289744618984 0.29417253903501356 859 0.9406771199120243 73 28.635358542574544 0.772724377984003 0.001026998554157189 0.0007309448456770601 27.69468142266252 0.580183987657308 0.0024425343506609097 0.00130525865299475 0.0 0.0 12.0 4.098546432462494 29.542616 0.00044531375 0.021108625642669115 3.3486086392900023 567 1191 574 1197 3.31747267025806 2.7411550390406494 -2.803839513615475 2.224618782172099 2.692336590411026 4.550982308806773 5.268203791228 0.8101819823931102 -42.06607300734338
768.8376361057198 1195.0177945914552 319.6015172485338 0.29417956000560047 860 1.4794540167013963 73 28.279896463258787 0.5569802322116522 0.0014248024850009788 0.0007309448456770601 26.80044244655739 0.2546068877438702 0.005565911166480287 0.00130525865299475 0.0 0.0 16.0 3.242706563897578 27.720144 0.0023859106 0.048849337470638104 2.8247462276382187 767 1192 771 1197 1.6666589139406047 2.1258782825066147 -1.4723918998240773 1.5458953286474502 1.2119603698437027 2.1413867187095668 2.8877944866394127 0.6537149701522835 -49.43175288163608
656.0699880758247 1197.1330942330226 319.6023003675235 0.29419424953689494 861 1.035543020141084 73 28.471012087068104 0.6641803633353763 0.0011948363166992104 0.0007309448456770601 27.43546906692702 0.4569627468541631 0.003101170345530738 0.00130525865299475 0.0 0.0 29.0 4.037782799797239 27.717096 0.0023926245 0.04892089198685043 2.8615115630769004 654 1193 661 1200 2.8535812748799803 3.0267318806780534 -1.9620739079248473 0.632243084585776 0.5960742802702961 0.8197010562123349 2.2413923859400606 0.553848756570755 -46.26325108507467
830.9814761555806 1194.2035488698025 319.6010856884011 0.29417390552523637 862 7.997501568515837 73 36.77434029540219 1391.929742163834 5.701342495332476e-07 0.0007309448456770601 28.776838726886353 1.5719135598865621 0.0009015249665882819 0.00130525865299475 0.0 0.0 5.0 1.8975043778016745 3.4028235e+38 0.0 0.0003293340557019259 4.446263205979274 830 1193 832 1195 0.6380340662024667 0.6605800538419618 -0.5739116773396704 7.172580393225716 6.927775985420151 12.4630697532827 4.031052106525314 0.7519258065701413 -45.56264051244261
778.9969622668611 1198.5741230873332 319.6014466967284 0.29420425673297856 863 2.535897571172235 73 29.45198525882951 1.639363646169513 0.00048408223569301116 0.0007309448456770601 26.916087687657274 0.2832228212964983 0.005003549195185993 0.00130525865299475 0.0 0.0 7.0 2.0075620962050036 3.4028235e+38 0.0 0.0003896733097648733 4.477400328162399 778 1196 780 1200 0.5704571383209005 0.8831683264985716 -0.5322777855540424 4.005479547928887 2.5872241247298646 4.82813461462387 2.729299749558414 0.6336056528192645 -53.18502563555945
879.0232630599695 1197.9952412155355 319.6007520604828 0.2942002367135428 864 0.8709155630094898 73 28.26253867081865 0.5481465246212314 0.0014477640253214264 0.0007309448456770601 27.39162310780916 0.4388765868042859 0.0032289699705223855 0.00130525865299475 0.0 0.0 7.0 2.082543910762551 29.24792 0.00058417965 0.02417294947452388 3.6809781274139493 878 1197 881 1199 1.048601171855644 0.5156370094028542 -0.4773663518346208 1.6483561128395063 3.352102583871189 3.052029740928585 2.3758688387524844 0.5791013444475 -30.4141321077855
383.44312342695076 1201.768153242374 319.6041936346009 0.29422643709982316 865 0.4811141002522774 73 28.304362232530984 0.5696735946246531 0.0013930552976998403 0.0007309448456770601 27.823248132278707 0.6531191570323704 0.0021697714793659983 0.00130525865299475 0.0 0.0 8.0 2.7044728557724995 28.88511 0.0008159582 0.028568018796790714 2.394022596861801 382 1200 386 1203 1.3498422997701849 1.2881881332836036 -1.1463382582521247 3.032747579436616 3.1778983686289863 5.397588268520915 3.7833862348009304 0.7356865152170706 -44.22979270368799
930.0627980496331 1203.1194269337284 319.60039761459285 0.29423582131653586 866 0.3843746519866116 72 27.78447435226518 0.3529156662369461 0.0022486585178079724 0.0007309448456770601 27.400099700278567 0.4423164076039045 0.0032038588105586037 0.00130525865299475 0.0 0.0 5.0 1.6360003037252238 29.764204 0.0003631044 0.019058144169757773 3.850834622093645 930 1200 931 1204 0.05885445459539753 0.9064877803780134 -0.14287285105835465 27.52087215248303 1.7868149528155928 8.675208983838818 5.123851923396801 0.8048343287529939 -80.68526102416172
643.409373838249 1205.150422232314 319.6023882896205 0.2942499254166745 867 1.0436838955545156 73 28.576591567348515 0.7320113644812081 0.001084118167364814 0.0007309448456770601 27.532907671794 0.49986903917292624 0.002834981182073486 0.00130525865299475 0.0 0.0 9.0 3.4895994361073894 28.652548 0.0010108671 0.03179720605261391 3.0143052598441584 642 1202 646 1207 2.167773508368472 2.224260595645271 -2.0728048370342607 4.2352887799003245 4.127729833155925 7.893793637671765 5.890827280638004 0.8302445560937078 -45.39032514862415
